# Created by Octave 4.0.0, Fri Nov 18 15:58:37 2016 Hora est. Pacífico, Sudamérica <unknown@HEEC>
# name: DatK
# type: matrix
# rows: 1
# columns: 50
 2000 2000 2000 2000 2000 2000 2000 2000 2000 2000 2000 2000 2000 2000 2000 2000 2000 2000 2000 2000 2000 2000 2000 2000 2000 2000 2000 2000 2000 2000 2000 2000 2000 2000 2000 2000 2000 2000 2000 2000 2000 2000 2000 2000 2000 2000 2000 2000 2000 2000


# name: DatF
# type: matrix
# rows: 1
# columns: 50
 1.499660721822137e-032 1.499660721822137e-032 1.499660721822137e-032 1.499660721822137e-032 1.499660721822137e-032 1.499660721822137e-032 1.499660721822137e-032 1.499660721822137e-032 1.499660721822137e-032 1.499660721822137e-032 1.499660721822137e-032 1.499660721822137e-032 1.499660721822137e-032 1.499660721822137e-032 1.499660721822137e-032 1.499660721822137e-032 1.499660721822137e-032 1.499660721822137e-032 1.499660721822137e-032 1.499660721822137e-032 1.499660721822137e-032 1.499660721822137e-032 1.499660721822137e-032 1.499660721822137e-032 1.499660721822137e-032 1.499660721822137e-032 1.499660721822137e-032 1.499660721822137e-032 1.499660721822137e-032 1.499660721822137e-032 1.499660721822137e-032 1.499660721822137e-032 1.499660721822137e-032 1.499660721822137e-032 1.499660721822137e-032 1.499660721822137e-032 1.499660721822137e-032 1.499660721822137e-032 1.499660721822137e-032 1.499660721822137e-032 1.499660721822137e-032 1.499660721822137e-032 1.499660721822137e-032 1.499660721822137e-032 1.499660721822137e-032 1.499660721822137e-032 1.499660721822137e-032 1.499660721822137e-032 1.499660721822137e-032 1.499660721822137e-032


# name: DatP
# type: matrix
# rows: 50
# columns: 10
 0.9999999999999998 1 1 1 1 1 1 1 1 1
 1 1 1 0.9999999999999999 0.9999999999999999 1 0.9999999999999998 1 0.9999999999999998 1
 1 1 1 1 1 1 1 0.9999999999999999 0.9999999999999999 1
 1 1 1 0.9999999999999999 0.9999999999999998 1 1 1 1 1
 1 0.9999999999999998 1 0.9999999999999999 1 1 1 1 0.9999999999999998 0.9999999999999998
 1 1 1 1 0.9999999999999998 1 1 1 0.9999999999999999 0.9999999999999998
 0.9999999999999998 1 1 1 1 0.9999999999999998 1 1 1 1
 1 1 0.9999999999999999 1 1 1 1 1 0.9999999999999998 1
 0.9999999999999999 1 1 0.9999999999999998 0.9999999999999998 1 0.9999999999999998 1 0.9999999999999999 1
 1 1 1 1 1 1 1 1 1 1
 1 1 1 0.9999999999999999 1 1 1 1 1 1
 1 1 1 0.9999999999999998 1 0.9999999999999998 1 1 1 0.9999999999999999
 1 0.9999999999999998 1 0.9999999999999998 1 1 1 1 1 1
 1 1 0.9999999999999999 1 1 0.9999999999999999 1 1 1 1
 0.9999999999999998 0.9999999999999999 1 1 0.9999999999999999 1 1 1 0.9999999999999998 1
 0.9999999999999999 1 1 1 0.9999999999999998 1 0.9999999999999998 0.9999999999999999 1 1
 1 0.9999999999999999 1 1 1 0.9999999999999999 0.9999999999999998 0.9999999999999998 1 1
 1 1 0.9999999999999999 1 1 1 1 1 0.9999999999999999 0.9999999999999999
 1 1 1 1 0.9999999999999999 1 0.9999999999999999 1 1 1
 1 1 1 1 1 1 1 1 1 1
 1 0.9999999999999999 0.9999999999999999 0.9999999999999998 1 1 1 1 1 1
 0.9999999999999998 1 0.9999999999999999 1 1 1 1 1 1 1
 1 1 0.9999999999999999 1 1 1 1 0.9999999999999999 1 1
 1 1 0.9999999999999999 0.9999999999999999 0.9999999999999999 1 1 1 1 1
 1 1 1 0.9999999999999999 1 1 1 1 1 1
 0.9999999999999999 1 0.9999999999999999 1 1 1 0.9999999999999999 1 1 0.9999999999999999
 1 1 1 1 0.9999999999999999 1 1 1 1 1
 1 1 1 1 1 1 1 1 0.9999999999999999 1
 1 0.9999999999999998 1 1 1 1 1 0.9999999999999999 1 1
 1 0.9999999999999998 0.9999999999999999 1 0.9999999999999999 1 0.9999999999999999 1 1 1
 0.9999999999999998 1 0.9999999999999998 1 0.9999999999999999 1 1 0.9999999999999999 1 1
 1 1 1 0.9999999999999999 1 1 1 1 1 1
 1 1 1 1 0.9999999999999999 1 1 1 1 0.9999999999999999
 1 1 1 1 1 1 1 0.9999999999999999 1 1
 1 0.9999999999999999 1 1 1 1 1 1 0.9999999999999999 1
 1 1 0.9999999999999999 1 1 1 0.9999999999999999 1 0.9999999999999998 1
 1 1 0.9999999999999998 1 1 1 1 1 0.9999999999999998 1
 1 0.9999999999999999 0.9999999999999999 1 1 1 1 1 0.9999999999999998 1
 1 0.9999999999999998 1 1 1 1 1 1 1 0.9999999999999999
 1 1 1 1 1 1 1 1 0.9999999999999999 0.9999999999999999
 1 1 0.9999999999999998 1 1 1 1 1 1 1
 0.9999999999999999 1 1 0.9999999999999999 0.9999999999999999 1 1 0.9999999999999998 0.9999999999999999 0.9999999999999999
 1 0.9999999999999999 1 0.9999999999999999 0.9999999999999999 0.9999999999999999 1 1 1 0.9999999999999998
 0.9999999999999999 0.9999999999999998 1 0.9999999999999999 1 1 1 1 1 1
 1 1 1 1 0.9999999999999999 1 1 1 1 0.9999999999999998
 0.9999999999999999 1 1 1 1 1 1 1 1 1
 0.9999999999999999 1 1 1 1 1 1 1 0.9999999999999999 1
 0.9999999999999999 1 1 1 1 1 1 1 1 1
 1 1 1 0.9999999999999998 1 1 1 0.9999999999999999 0.9999999999999999 0.9999999999999999
 0.9999999999999999 1 1 0.9999999999999999 0.9999999999999998 1 0.9999999999999999 1 0.9999999999999998 1


# name: DatT
# type: matrix
# rows: 1
# columns: 50
 49.42129707336426 49.58640098571777 49.16111993789673 48.82389616966248 48.59624195098877 49.05204796791077 48.93096494674683 49.30721402168274 48.74534320831299 48.88693594932556 48.65678381919861 49.52035713195801 48.30955696105957 48.43713784217834 48.83840417861938 48.63026785850525 48.70931887626648 48.41212201118469 48.71432518959045 49.04754495620728 48.72833013534546 48.76535701751709 49.10157990455627 49.29120492935181 48.19347596168518 48.69631195068359 48.8233950138092 49.16461896896362 49.28779888153076 49.02352809906006 49.84957885742188 49.23416805267334 48.74440789222717 55.93061804771423 57.41630005836487 56.08582401275635 50.25884699821472 50.55804705619812 51.46314597129822 50.73522901535034 49.61146903038025 49.0790638923645 49.51891303062439 48.96148777008057 49.02652907371521 49.07906603813171 48.99300503730774 49.70197796821594 49.62692713737488 49.57639408111572


