# Created by Octave 4.0.0, Sat Nov 19 00:20:25 2016 Hora est. Pacífico, Sudamérica <unknown@HEEC>
# name: DatK
# type: matrix
# rows: 1
# columns: 50
 2000 2000 2000 2000 2000 2000 2000 2000 2000 2000 2000 2000 2000 2000 2000 2000 2000 2000 2000 2000 2000 2000 2000 2000 2000 2000 2000 2000 2000 2000 2000 2000 2000 2000 2000 2000 2000 2000 2000 2000 2000 2000 2000 2000 2000 2000 2000 2000 2000 2000


# name: DatF
# type: matrix
# rows: 1
# columns: 50
 3.108624468950438e-015 3.108624468950438e-015 3.108624468950438e-015 3.108624468950438e-015 3.108624468950438e-015 3.108624468950438e-015 3.108624468950438e-015 3.108624468950438e-015 3.108624468950438e-015 3.108624468950438e-015 3.108624468950438e-015 3.108624468950438e-015 3.108624468950438e-015 3.108624468950438e-015 3.108624468950438e-015 3.108624468950438e-015 3.108624468950438e-015 3.108624468950438e-015 3.108624468950438e-015 3.108624468950438e-015 3.108624468950438e-015 3.108624468950438e-015 3.108624468950438e-015 3.108624468950438e-015 3.108624468950438e-015 3.108624468950438e-015 3.108624468950438e-015 3.108624468950438e-015 3.108624468950438e-015 3.108624468950438e-015 3.108624468950438e-015 3.108624468950438e-015 3.108624468950438e-015 3.108624468950438e-015 3.108624468950438e-015 3.108624468950438e-015 3.108624468950438e-015 3.108624468950438e-015 3.108624468950438e-015 3.108624468950438e-015 3.108624468950438e-015 3.108624468950438e-015 3.108624468950438e-015 3.108624468950438e-015 3.108624468950438e-015 3.108624468950438e-015 3.108624468950438e-015 3.108624468950438e-015 3.108624468950438e-015 3.108624468950438e-015


# name: DatP
# type: matrix
# rows: 50
# columns: 10
 -1.13650842009871e-015 -1.599581269596463e-015 1.514394341976895e-015 -1.697702625459386e-015 1.485964905773892e-015 -1.180066311011954e-015 3.685348480910454e-016 1.890092364145648e-016 8.598989356892217e-017 1.191234864850823e-015
 -2.213276531285925e-017 -3.792423569642358e-016 1.631684132672016e-015 -6.006477363668082e-016 1.108626877581608e-015 1.690493016038341e-016 -3.091895250003127e-017 1.244980448696512e-015 -2.257646306500695e-015 -5.763598642805058e-016
 -1.431471820665338e-015 2.99365750922577e-015 -1.006910884239544e-015 4.502923012641808e-016 -1.208371727862832e-015 9.018228355530254e-016 8.689184105489916e-016 5.295084657671389e-016 2.66664330895062e-016 -6.873797245193628e-016
 8.935790939859556e-016 -3.323713324270502e-016 9.365635070167526e-016 -1.29115998223747e-015 6.886222808702291e-016 -1.966313910189473e-015 -1.356780096885283e-015 1.606135965131608e-015 2.082602129164094e-015 1.044032982221985e-015
 -1.087246356443722e-015 7.919223425728904e-016 1.752348685665618e-015 2.490199187673619e-017 1.552786335355476e-015 -7.72929138582793e-016 -2.051435254449903e-017 2.854544832153335e-016 -2.441028223215971e-015 2.581059484911536e-016
 1.10756216275465e-015 -1.503775012583532e-015 -1.487086372988601e-015 -5.691927498274053e-016 9.017653564035649e-016 -8.489705176607291e-016 5.074015451245131e-017 -9.242005805441004e-016 -1.516432955068179e-015 2.493764627605491e-015
 -3.099780811409314e-016 1.502699796732604e-015 1.344959227249467e-015 -1.66433120437625e-015 5.796411481899063e-016 -8.75860381965158e-016 -1.051386852894756e-015 1.77959677422351e-015 5.139916653489216e-016 5.68705284605439e-016
 6.008447342855046e-016 -1.93081240906614e-016 -2.007909672854373e-015 -8.556464191829588e-016 5.161596732508243e-016 3.641424203762641e-016 1.583070681961146e-015 -1.743337918439686e-015 7.340538772540289e-016 1.109114757119547e-015
 -9.490423313959218e-016 1.165440890099085e-015 -1.650156628796064e-015 -1.823742460662111e-016 -1.381870132137884e-015 -2.959830423276932e-016 -2.574527972312065e-016 -9.262682436495698e-016 1.991743499288425e-015 -2.221780420270584e-015
 -7.29018075380815e-017 1.542177148698342e-015 9.587215052353926e-016 -6.606298818618869e-016 1.004821641079834e-015 -7.113173576523047e-016 8.643023107744246e-016 -2.402699951559786e-015 -1.454820678458136e-015 1.425107318628778e-015
 -5.09042492392635e-016 4.462137111521709e-016 -2.823557159029205e-015 -9.196427314345487e-016 -2.031974179556623e-016 2.208568135844154e-015 6.300780100165677e-016 7.698315424796618e-016 1.061466671101662e-016 -1.540543378153805e-015
 1.07789468525764e-015 1.232780823527732e-015 1.486986093193811e-016 -1.314779114873988e-016 -8.801067881672962e-016 -1.447026000988712e-015 4.147833382345281e-016 -1.455794491740337e-015 -1.226777458585458e-016 -2.348379918222927e-015
 -1.580321771375324e-015 8.237257986952992e-017 -1.114625956866764e-015 5.637776090368556e-016 -1.231679429116407e-015 -8.267582533308295e-016 1.889229442678199e-016 -2.776835105171655e-016 6.076831665471893e-016 -2.06113131534122e-015
 -1.087303163657378e-015 -2.132516614308691e-015 -6.472808497887865e-016 -4.8383722561698e-016 -1.330260741024651e-015 -1.182899459839595e-015 2.353080781540823e-016 1.639917876358999e-015 9.276779167907439e-016 8.512875785261535e-016
 -8.788387975514456e-016 -2.382822246214626e-015 1.734222657433217e-016 -2.077354225448453e-015 2.419105030814441e-016 -5.205357754925761e-016 -1.73964441728049e-015 -2.050765863261632e-015 4.998560600203334e-016 3.040117538459286e-016
 -6.438105628325064e-016 8.972429379464022e-016 2.132058150550274e-015 -1.262707614902347e-015 1.521366681973394e-015 -6.576397744262053e-017 9.362610830195613e-016 1.971537989017581e-015 4.818839284673897e-017 3.651673756061805e-016
 -1.984776473732116e-015 -2.024145299495756e-015 -1.336266749821187e-015 1.270432983995105e-015 4.00426817768608e-016 3.27972672752445e-016 -1.327660955718464e-015 8.507551875108688e-016 -5.086451815414334e-016 -1.805056557630651e-016
 2.153510533553855e-016 9.379605051689405e-016 2.030542754263173e-015 2.391459052254923e-015 4.694709985193077e-016 9.658529797021324e-016 -4.523741481874061e-017 -1.054931726862565e-015 1.670360734036265e-015 4.573203868303686e-016
 8.083397726718033e-016 2.638012588368673e-015 -9.893968433754996e-016 1.087409659564239e-015 3.734558168225629e-016 -6.236825933730729e-016 5.91502206088592e-016 -1.445679492345378e-015 -7.137964130128974e-016 -9.779862448101539e-016
 -6.319222682906745e-016 -5.592195371051723e-016 1.372432781487266e-015 7.49674487379794e-016 -8.619538277317932e-016 -1.318006584608618e-015 -2.119298187262942e-016 1.414529407441283e-015 -1.270213569758195e-016 3.72017505294819e-016
 -6.415373812261691e-016 -1.690364038711019e-016 4.206516767157629e-016 1.592929657263094e-016 6.872659659250441e-016 1.317740246690865e-015 -1.976278609711297e-015 -7.040598649326043e-016 -2.666640634484386e-015 -3.585798362687876e-016
 -3.668665361205922e-016 2.773365577955717e-015 -5.23109937353258e-016 -9.677353087436436e-016 1.653113437636966e-016 1.612312083705118e-015 -5.053845328930642e-016 -2.318053269480052e-015 -7.25117602263112e-016 -5.730955612184665e-016
 1.060774780451038e-015 -9.680973334762913e-016 2.662694194766006e-017 -1.037536224339767e-015 9.754997630524111e-016 2.013703745585639e-015 1.254165422172623e-015 6.050136685893785e-016 1.554415537839938e-015 1.189439092544965e-015
 -8.027975244888203e-016 8.032417760483789e-016 -2.114700303419624e-016 1.484304773742208e-015 3.663245123479849e-016 -3.901682585789241e-016 3.670270419682582e-016 2.271800540099373e-015 -1.825780880907581e-015 -8.437337888072536e-016
 8.384448772176144e-016 2.037827914621706e-016 9.873778639973054e-017 1.661256697826767e-015 3.885621804149146e-016 -7.06712150876274e-016 1.06519475337084e-015 -1.609522066307909e-015 2.999463211805468e-015 1.407264600943747e-015
 -3.699109138911442e-016 -1.305140075327186e-015 -1.157590104992625e-015 -1.904267760819003e-016 7.867238276271222e-016 -2.355511798072139e-015 -6.863102635575555e-016 -1.161343075623303e-015 1.487763999794095e-015 -6.502972624302257e-018
