# Created by Octave 4.0.0, Fri Nov 18 23:37:11 2016 Hora est. Pacífico, Sudamérica <unknown@HEEC>
# name: DatK
# type: matrix
# rows: 1
# columns: 50
 2000 2000 2000 2000 2000 2000 2000 2000 2000 2000 2000 2000 2000 2000 2000 2000 2000 2000 2000 2000 2000 2000 2000 2000 2000 2000 2000 2000 2000 2000 2000 2000 2000 2000 2000 2000 2000 2000 2000 2000 2000 2000 2000 2000 2000 2000 2000 2000 2000 2000


# name: DatF
# type: matrix
# rows: 1
# columns: 50
 33.15808387096199 16.5433822131597 16.5136700957411 30.68087081896214 19.54469598671246 22.33137040266401 18.321505156425 19.94072016990516 17.00684760296414 14.87042193098974 23.76228311860534 27.80360107892609 15.24668089863407 44.30803384986104 12.13892126083201 31.22587694079612 31.89504745940548 19.57703148964886 14.4459163801491 17.16052294649226 23.66881509223376 34.14932226358238 19.85851291417879 23.08817557289627 19.51650172185105 23.97048923097125 34.46656886276209 54.33040601643582 20.97926204572694 23.35377842622885 22.11192086923196 36.12502785587051 17.82219958025468 22.69604098704473 18.22872555148452 24.17078741077931 38.22344868547957 34.11076958683731 29.41670300220313 34.93698096244712 38.97166670858829 61.33869845967691 59.66013241927919 55.65639362698062 20.89023687340471 18.63084819616428 7.283952116430095 26.24811490090632 22.05256656901871 33.8458719534926


# name: DatP
# type: matrix
# rows: 50
# columns: 10
 1.977426062392384 -0.9840101273838289 -1.05570154719382 -1.06357899302747 2.989328169410356 0.9742542387200753 1.922500930719969 -0.1587217129555731 -0.9901915024736301 -1.981413819934695
 -0.8694026190867395 1.030238380323274 0.9891642729614629 0.07577302949221575 -0.9894126910515678 -1.039291834432242 -0.06802715746962699 -0.04362208164088387 -0.1047914128923856 -0.1365641114172244
 0.9483102020223675 -1.038781036853549 -1.023578977679422 -1.031134088981323 -0.006758557021480149 2.000293465855291 1.995981475135202 -1.019758269425393 -0.9680763107188253 0.9776865974021477
 -1.015756181029167 0.9218014178527668 -0.008148136261616479 1.030010729223192 -1.094962984537941 -0.6927411837086195 -2.432515184699123e-009 0.9010461290931959 0.8375724149007833 -0.9602092568508076
 -0.01837405448861437 0.972977845027989 1.040972608468443 0.9589055862105939 1.918141776807426 -0.05289067049257401 0.99906866767266 -1.112835493558419 0.108793521147277 -0.1326664626192267
 -0.01332740855365615 -0.07292418226100301 -0.9651812748405846 -0.978594396167869 0.2153978323257595 0.05805323832256862 -0.9489524587283057 0.02875149735589237 -1.992004537599636 2.059641274326194
 0.001321396655069362 -6.44171657690472e-010 0.0368129573647548 -0.01782565138046444 0.04293886439550554 0.9949586384028962 0.9949586375362049 0.7644074602622006 2.060581684189376 0.9949586376269191
 1.038942415876424 -0.9345773685873826 0.1130595978818411 -0.09178705467103199 -0.05466856918989348 -1.041709228075017 -1.077802700197653 2.025581433811438 0.02255455415048774 -2.016527858297497
 -0.09480484215514115 -0.03736344517339827 0.007049821379035878 -0.9001848717985413 0.05925527418392099 -1.987972942466728 1.053895969940243 -0.0648838457842945 1.014693698323949 1.973518697820119
 -0.9963334626007991 -0.9475378108174476 -1.023168626880731 -1.993539924526675 0.0664779034085254 -1.012606553105988 -0.09232854095677182 0.08376209953148399 0.9136284917338244 0.02320502373267314
 -2.018591267266652 0.03952289435921419 0.8052261955887324 -0.03468034549218574 2.00162829541675 0.1028233698225654 0.07697023525020026 -2.032383988639641 0.03831817056949856 -0.00818513767068047
 1.019991712297484 -0.01443586635933112 -0.9570848078198021 1.084117582076878 -0.8870399413586214 -2.045138982372756 -1.975051840119455 2.98953172299776 0.03824417566763635 0.9318524937826979
 -0.9949587507053229 0.06342807831210193 -1.989912256678277 -0.9949585840161468 -0.9949585144266591 -0.9949586606620565 -0.09406396368668597 1.041370639025358e-009 -0.1431345553393283 0.9949585573668579
 1.95708878866846 0.04219015512340507 0.1052259469406852 -0.1820873273098559 -0.8064075417931842 0.1164673124806117 -0.1607087473108761 -0.2205072619595894 1.924495748061585 -1.950784150068904
 0.06588404338761698 -0.0231450610897517 -1.00828801769955 -0.035988379955383 -0.07234361680308711 -0.9324123017061672 -0.9759469236644374 -1.009042747769039 -0.09807865586837992 0.8878575691568587
 -0.8941821952369714 -0.06170599547450406 0.9754092727924 -1.961179908233471 0.08031705946891637 -0.272975860150528 0.9238547862938006 -1.94968010819462 -0.9134656299206607 0.983359647777802
 -0.03901129164856824 0.9952789957191679 0.08399511371383181 2.00687626884325 0.09250040786199963 2.984614653907216 -0.07772797318177316 -0.04199952959862096 0.9896978280863126 -0.2818370450216787
 -0.02959244806335506 -0.0616346916280014 1.102894092691813 0.9783102259896825 1.996128050069394 -0.06246860807295515 2.984215131277111 0.03347048600966236 -0.008009505241703407 -0.0469704136381118
 0.04912973713927061 -1.993613157175624 1.998773048851556 0.02015425966842109 1.010823827274637 -0.972946544455473 0.05015180564115251 0.9772211891980752 0.9604898025320853 0.9967128591278357
 2.018350075426122 -1.987689522312141 -1.011045775851015 1.005926778236351 -0.9553141944036522 0.05534347868736884 -0.08416675651119157 -0.9715729986487872 0.06603946217259919 0.9331685372159835
 0.002669490415998315 0.7488817015049309 0.02602792507420837 0.1316301315061888 -0.9066662470444594 0.04499080085976805 0.05298220855794474 -2.008186091847082 1.01990606377656 -0.9786820707346469
 -0.8207835437769685 0.06881636683377668 -0.9949586400831479 -1.225316808035209 -1.099509766463521 1.140182779678778 1.130933345011937 0.1002742963325863 0.9559149784226653 0.02883352696246
 -1.995460745931023 -0.9590438751756574 -0.003765948692806771 0.9742870066660738 -0.9729009324520992 1.98956520599816 -0.06558955401158341 -0.1181819980645634 1.996012019160265 -0.995158413665339
 -0.8168669735866163 -0.02276864190331711 -0.9667990238236595 0.06552215284572477 2.029211199118431 0.04297389752167451 -0.1074656627483342 -0.05916228968398898 -0.9386012397470516 -1.908577032654944
 -0.9674632554171674 -0.8466486300082524 -2.024061811650772 -0.02072435198048841 1.011546777546605 0.9984514889271967 -0.0399526660613438 -1.020107085605595 0.07986176930500857 -1.128177738375278
 -1.971533687689008 -1.016598474492906 1.926473355909536 -1.088163680050842 1.023654713354604 1.024055135165858 0.9931591160178792 -1.951907235346558 -1.079436923419384 -1.042029558979004
 0.6218349080095525 -0.948410791995964 -1.046257541901782 -1.036119083870528 2.006598750590848 1.032555397781977 -1.92164897549324 -0.008096231728677317 0.9499552233810854 -1.003583988772192
 0.1025117730325765 -0.8349888848297757 0.08659342708657491 -0.8318672905417223 1.803878591914797 0.8666500395086925 -1.110157702982295 -0.1330770477906054 0.7671362276343907 -2.156890089540064
 -1.018312153262023 0.03960558131031887 1.081695080440844 -2.034771439148615 0.06706500320990751 1.917687487217134 0.9936073319560064 0.9414303559180501 1.036471996482591 -0.8928725726957988
 0.9575624442837768 0.1042899744108106 0.9637296126400479 0.08927733887991121 -0.8945010780798055 1.977846683608636 0.1504480693779475 -0.9980004897258015 -1.108947471450949 -0.9348489839913504
 0.03960729228561097 0.1222252426215998 -0.9939630045777785 0.09765387642679163 -1.001476709337628 0.04876090342736759 0.06063797362735182 -1.170073505008695 -1.998893403324233 -0.1350671248537505
 0.9867900369552243 -0.9140232887367237 -1.927588909128522 0.7760275236666851 -2.072616512948327 1.097426601369082 -0.9935606599537898 -1.048441984440961 1.951546224348541 1.99668650708172
 0.9709228418158946 -0.03210155150753155 0.05729842494496767 -0.8870017087934831 1.988437745441122 0.008839237262150733 -1.007830518411354 -1.946357908010035 -1.103502766645628 0.01198488801735322
