# Created by Octave 4.0.0, Fri Nov 18 23:30:24 2016 Hora est. Pacífico, Sudamérica <unknown@HEEC>
# name: DatK
# type: matrix
# rows: 1
# columns: 50
 2000 2000 2000 2000 2000 2000 2000 2000 2000 2000 2000 2000 2000 2000 2000 2000 2000 2000 2000 2000 2000 2000 2000 2000 2000 2000 2000 2000 2000 2000 2000 2000 2000 2000 2000 2000 2000 2000 2000 2000 2000 2000 2000 2000 2000 2000 2000 2000 2000 2000


# name: DatF
# type: matrix
# rows: 1
# columns: 50
 4.522333943100218 7.5900882204452 7.877350463795328 4.820491068980708 4.641921236584567 4.974795285466449 12.72952111065842 6.44507006710125 9.372159769069349 6.269755669731691 4.865731102010297 14.27138021524209 6.964708361833956 6.76103152183325 10.81226861571245 10.49557745052917 8.624020271299429 6.600448748925755 6.489365907873054 2.018928995623929 7.102504894007478 4.203274158648501 9.512564653158901 9.481898641337665 2.984877171279869 11.03380405816452 3.979836228624578 5.124928034542499 7.765140511182945 15.89489919285461 7.713048278586239 4.910142394281031 13.74113794958902 5.663326608527607 7.229916363340175 2.984877171279869 5.969754342559744 10.26061212099472 8.985324655815631 1.98991811418658 11.16790669250056 7.760840179095448 6.964713399653034 8.894801732031867 18.43553233963649 5.929870629321503 13.06561421488655 4.748443207900652 5.969749304740682 4.974795285466449


# name: DatP
# type: matrix
# rows: 50
# columns: 10
 1.012228319184649 -1.037576834037742 -7.485576476576648e-010 -0.9949586379003554 0.9949586391503932 0.009319682556656772 1.586955277366483e-010 3.538523408797577e-010 -7.618309239897079e-010 -0.02325356140089588
 -0.9949586375863335 -0.9961026649242106 3.767325493973613e-010 1.621314577591597e-009 -1.841065352719101e-010 0.8718050065351466 9.821260649947771e-010 -0.04184047796190357 -8.536046432853573e-011 -1.041471863376518
 -1.07737898618466 -6.713987950501472e-010 0.9949586363279779 1.553779405261839e-009 1.031974458681133 -7.917532579391235e-010 -1.26966468866752e-009 0.9949586377099382 1.032318177785474 -0.9815315795344423
 1.391074278189545e-009 -0.05058403604971018 0.9949586371385899 5.084217447575937e-010 1.658696166724955e-009 0.9949586375947987 -0.9949586369625305 -8.111229840498231e-010 0.9535450623672047 1.129641690131288e-009
 1.250117456634727e-009 9.471963302083848e-010 -9.482921452749333e-010 -4.240095035400863e-010 0.9172621571305343 -1.288317062040044e-009 1.039979621541862 -0.9737322642666291 -1.666721447174546e-010 -1.215717934375902e-009
 2.782037702279503e-010 -0.994958636864857 2.77694578074696e-010 4.648256779151168e-010 0.9949586377684264 0.994958638549174 0.9949586380611376 0.9949586388224883 7.304938919535667e-010 7.80880149420298e-010
 -1.321195303206045e-010 -1.333602116468084e-009 0.9465038962366499 -0.08822095106021458 7.009044171078456e-010 -0.9821118996178944 -7.575585657658251e-010 -0.1021844985290019 0.9949586366510534 2.085132623761365
 0.0127376674866162 0.9949586362644146 0.9949586371280144 2.985625762023901e-010 0.04842012531913142 -1.096014742403115 -1.431414672270891e-010 -1.150039334489609e-009 -0.9949586375873181 -2.110590550380643e-010
 -1.311890289476171e-009 -0.9949586372087196 0.9514722138060516 -0.9949586396338481 -6.194891684975499e-010 0.04801201542729511 -0.9949586379609175 0.9021188921954841 1.033531283831632e-009 0.1000241828424657
 -0.9949586384243865 -0.9949586380362586 0.9949586370183692 -2.234018716886003e-010 1.518538383363314e-010 -0.9949586383196226 4.134262874475276e-010 0.9949586380470583 9.243689074884151e-010 0.08168050250594749
 0.02198935333812424 -2.572083571565687e-009 3.273833082156106e-010 0.04501005768855934 -1.244982457138996e-009 -0.9722484407797038 -0.03825234325843058 0.9949586373347731 0.9949586378989862 0.9949586379735775
 -0.9949586381536371 0.1408067449884127 0.1175679280458581 -1.033180622474836 0.9949586369229884 -0.04731609682207445 -0.9155400512055457 -0.9949586374311323 -1.319500507634124e-009 0.9793938776432913
 -0.9949586386886194 0.9949586373203331 -1.249281537925796e-009 4.689697159719021e-010 0.9949586374891877 6.594503676697262e-010 8.245980354367827e-010 -6.738151966961845e-010 1.989912233590051 -5.573716839888955e-010
 -5.579127614131643e-010 -4.997239748040929e-010 1.036670581947589 -0.9949586372614787 -9.399716099293157e-010 1.036852684907883 -9.116538981457451e-010 0.9949586374158701 1.070612072070445e-009 1.069777518368964
 -0.9949586381070339 6.869527063379816e-010 0.9949586378291269 -0.9288956212509222 -0.05154625467729639 1.346481458065365e-009 -0.08289868305504966 2.016592160624482 -0.005749573546307229 -0.9949586380948897
 0.03445834701761041 -0.994958636826795 -0.9879940763353938 -0.9476324054352194 -0.9949586375162491 0.048809054840244 0.8892286211932112 -0.0360344785297011 -0.9949586373747238 0.9949586373380124
 -0.9949586378324387 -7.062535573027388e-010 -2.433107220743561e-010 0.05685970995722123 -1.906193839747373 -0.9949586359577866 -8.588496950995527e-010 -8.321981412123176e-010 0.05881811745477972 -6.440851633468784e-010
 0.1061124070416505 -2.635914688620437e-010 1.539973296796795e-009 -0.9949586371799326 -2.953483126342625e-010 -1.004340495454562 -0.04480003795649801 -0.9949586372590059 -0.9783119352213869 -8.751215171012923e-010
 -1.062930255098734 -0.9949586379037219 4.341299445788391e-010 -0.07801324654688824 -1.930047323457277e-010 0.9608994501830753 -6.466856227745178e-010 0.03106746022537732 0.9949586381111097 9.730343605781008e-011
 -1.574605425992541e-006 -6.411593487882671e-007 1.487853923351039e-006 -0.05189513693645342 -2.468803765864937e-006 -3.103675337216661e-006 0.02586348131283067 -0.04284203767200159 2.157389641233972e-006 -0.9949568404522133
 -0.8903704571172151 0.0419156667589029 -0.9737343745090056 -0.01899861127485414 -2.375657489387402e-010 -0.9949586382914676 0.05154251689035638 0.008747486895742951 -0.9949586374755476 7.80327387454853e-010
 3.253481449339875e-011 -0.008519594001349551 -1.360865096152133e-009 0.9361863951520802 0.9431040212980213 -0.003697389032925047 1.133844328738662e-010 0.9949586366879372 1.179384891647833e-009 -1.220203818387088e-009
 0.9949586372344636 1.302450127422468e-009 -0.07244434124043771 9.457023201881242e-010 1.989912233753282 0.9898491312483194 8.027591955723491e-011 -1.035863615867702 -1.403553547000821e-009 -1.02620819818766
 0.08306291807327829 9.457346143886537e-010 -1.587691818722131e-009 0.994958637350726 -0.8862187595939417 -0.9973889414400099 -1.65453994071309e-011 -1.02698129722514 1.055702700389721 -1.863256230682156e-010
 0.9949586375041846 1.027016105162948e-009 -1.032610905556732e-009 -4.364934835948451e-010 2.346585249628699e-010 1.405963263090013e-009 -0.9949586382825514 -2.11673967059638e-010 0.9949586367484785 6.212666068972264e-010
 1.753834255173715e-010 -1.908801998459459e-010 -0.1478796705736448 1.360799095804653e-009 0.8879146318039794 -0.9949586378904584 0.9425124991776465 -9.359920573946131e-011 1.034295170247411 -4.953528282477276e-011
 -4.689090089322408e-007 0.994959319587474 3.019917842039421e-007 -0.9949584961121148 -3.094991228427345e-007 0.9949588992169474 2.491592674403234e-007 4.570800136431419e-007 0.9949588261214418 2.571589736107483e-008
 -0.07642302701492942 -6.956211116152381e-009 0.006495388954377956 0.9949585885948772 5.056799947707305e-008 -0.9949587175520707 -0.9949585658232171 7.218494309511575e-008 1.204093969887756e-007 0.9949586407852568
 0.0009651259176801652 -0.01729669205055506 0.06622180645987408 1.015147434087186 -2.886191117868506e-010 0.1134164581560558 -0.02187279739896626 -5.851649387910625e-010 -0.1312924454406935 -1.353897987745671e-010
 -0.9203019815965617 1.924506419435585 -0.9949586378569891 -0.1055152398986451 -0.8830915921289891 5.546370028796338e-010 -0.9949586380519618 -0.9949586388638433 0.03959246451653492 -0.03411635824481918
