# Created by Octave 4.0.0, Fri Nov 18 23:53:31 2016 Hora est. Pacífico, Sudamérica <unknown@HEEC>
# name: DatK
# type: matrix
# rows: 1
# columns: 50
 2000 2000 2000 2000 2000 2000 2000 2000 2000 2000 2000 2000 2000 2000 2000 2000 2000 2000 2000 2000 2000 2000 2000 2000 2000 2000 2000 2000 2000 2000 2000 2000 2000 2000 2000 2000 2000 2000 2000 2000 2000 2000 2000 2000 2000 2000 2000 2000 2000 2000


# name: DatF
# type: matrix
# rows: 1
# columns: 50
 2.66190918483625e-005 1.389209746114943e-005 9.040664438971961e-006 0.0001049815508961839 1.088501431350769e-005 2.883742082280418e-005 4.756184162878293e-006 2.395938629861718e-005 6.803301398677469e-006 2.703460773756098e-005 6.656638463771865e-005 3.426080850495066e-005 7.676223827323753e-006 2.078043706399033e-005 3.558037978360362e-005 3.786108521797147e-005 4.479448934850143e-005 9.674797104147589e-006 2.376814055322785e-005 1.740521890127894e-005 1.053220635196092e-005 3.338358052695737e-005 6.805038409423023e-005 4.482527848687469e-006 5.030125726431209e-005 1.86599111982275e-005 8.724083201569852e-006 0.0002531312567516076 5.094597890672392e-005 8.506053274043737e-006 1.30547346817735e-005 1.3828712182577e-005 7.897385858154643e-006 2.71767130916353e-005 9.584097443754066e-006 1.773343612612047e-005 1.68173683430608e-005 1.065386416887991e-005 3.377578845942693e-005 5.472387533596912e-005 6.236012790067464e-005 2.42708679263898e-005 3.410686871239687e-005 1.401143337004491e-005 1.701526680485457e-005 1.080865158186734e-005 1.369565469433716e-005 9.687331391552605e-005 1.867968172790708e-005 3.231600565900577e-005


# name: DatP
# type: matrix
# rows: 50
# columns: 10
 1.345999531641704e-011 -1.144120823378172e-012 8.033042137658743e-012 2.633933655591223e-012 3.178961911826712e-012 1.114708141491605e-011 -4.229511756838375e-012 4.404820893379811e-012 1.984305226064674e-012 -6.381829101539668e-013
 2.850408597193108e-012 4.628226741803367e-013 8.62705295929635e-013 -3.274160100455927e-013 -7.822509333052136e-013 -2.776096037095606e-012 -5.194776602335102e-013 -2.112169473243651e-012 -2.316308587607882e-013 5.178241702863306e-012
 -3.003451889948327e-013 7.682921231689022e-013 1.76501568588346e-013 3.270390997172865e-013 9.027416998067172e-013 -2.78997023342649e-013 5.051820866472382e-013 9.018398787374011e-013 -5.303741654024543e-013 2.30803046657765e-012
 1.828734003540304e-010 1.974652904667825e-010 -6.70648052097988e-011 -6.33598489556743e-012 -1.068823684594414e-011 6.550581430147915e-012 7.20691648372984e-011 8.030556310713052e-011 -3.267186987060536e-011 9.54602243118557e-011
 2.401287166070488e-012 1.01664956467795e-012 -2.231534992872554e-012 3.326179684858564e-012 8.612982836977476e-014 -1.014718223336238e-012 6.619865286650761e-014 -1.0876965199732e-013 2.212664769598794e-013 2.821234748409349e-014
 1.016521459385213e-011 -1.101460138784864e-011 -6.242451528700669e-012 -4.632107063249521e-012 5.070812141674356e-012 3.040574828213565e-012 1.942638706472273e-012 2.962114032659389e-013 -1.645109883716132e-012 3.893708777087049e-011
 8.856252225722307e-013 -3.162223318810118e-013 -4.454477227567001e-015 -1.295929833364422e-013 -1.380508553415743e-013 5.700595428648804e-014 9.442760790365917e-014 1.024868572142503e-013 1.132985173805909e-013 6.725366301022477e-013
 2.034049051099945e-012 -1.499422718343133e-012 -2.868520124447737e-012 6.686317289376402e-012 -1.538894286131544e-013 5.212436864574166e-012 9.893971381392426e-013 -1.205101352447703e-011 5.940076576065926e-013 3.62558315913186e-012
 -4.301628798665339e-013 5.503856223061142e-013 -7.21288599934238e-015 5.776426687448668e-013 -5.095234018989056e-013 4.779206293988522e-014 2.434966862728099e-013 2.620166990623188e-013 -5.177531851131774e-013 -4.012870792938792e-013
 4.632202866426386e-012 5.302998155083642e-012 3.593350864430404e-012 9.992902814685359e-012 -7.310938878800493e-012 6.650413824867988e-012 -1.39773448840108e-012 -1.258725473740983e-012 3.812665008605928e-012 -1.318932093310831e-011
 -1.365556342101591e-011 -2.484121363993964e-012 2.886398799671906e-011 -3.61341330086349e-011 -1.849051190250249e-012 -2.99057337905043e-011 -1.433677539332786e-011 1.185025913358827e-011 -3.859076760675801e-011 1.56880228542053e-010
 6.321916525601468e-012 -5.609077013046575e-014 -1.219542379975475e-012 -7.209630757911677e-012 -3.794764971013709e-012 1.197862636859865e-011 4.781847321547336e-014 7.647793876368268e-012 -2.758608926562176e-011 -3.069387598208668e-011
 -1.491543461524316e-012 -1.347623141134524e-013 8.672487213097114e-014 1.34571379522349e-013 -6.086902402451362e-013 9.878142628984054e-013 4.031903126162062e-013 4.420374953854093e-013 -5.079675411186019e-014 -1.086807025839167e-012
 -7.227201165516022e-012 -2.617562734076731e-012 -3.056501686412666e-012 2.088250934099015e-012 -1.307078290843665e-012 1.495469779336771e-012 -5.345043159480198e-012 -2.252433838316816e-012 3.04063445351536e-012 -8.217696301313698e-012
 5.283192144527271e-011 -7.799276600207581e-012 3.45346915618903e-012 -2.635079171233355e-012 -4.121697465071516e-012 1.832067818245464e-011 1.125685413906828e-011 -3.530805771541678e-013 -2.137378451200151e-012 -1.172591414545843e-011
 1.616282078911697e-011 6.214034370176048e-012 1.448712786321249e-011 -8.41010149248973e-012 -3.397516087639609e-012 -1.169707170932116e-011 4.17498000437962e-012 2.506938694321369e-011 2.573045398238368e-012 6.712838940698168e-013
 -1.26404304605769e-011 -1.590217355386473e-011 -5.342323205207059e-012 1.868089779967174e-012 1.082998163880097e-011 -2.34653043416731e-011 -4.901988134128785e-012 1.52136970402189e-011 -1.587054430257996e-011 4.18280065929447e-011
 -2.151215077276824e-012 3.265447465712767e-013 8.460672792460101e-013 7.901016411143434e-014 5.288579707750803e-014 -4.382266395978299e-013 -3.543331188084723e-013 -1.072995716384844e-012 -3.910034372547654e-013 4.173434150300921e-012
 -1.267626098685288e-011 -5.904971734275386e-012 -1.464030357056776e-012 -9.486973696996897e-012 -6.801740081948331e-012 -1.847976359528036e-012 2.633765454445191e-012 -6.992467695889108e-013 -1.681627539674729e-012 2.5479863841551e-012
 -8.550845779213219e-012 1.624850322667867e-012 -7.777752863325727e-013 -1.937797794766039e-012 -8.377971332191029e-013 -2.941270698397779e-012 5.177461292665708e-012 1.62701838307278e-012 -1.828306656404594e-013 1.755831115657193e-012
 -8.852831069075507e-012 2.540615517416583e-012 7.235885151807771e-013 -4.966653266018408e-013 1.581458551562935e-013 -7.704809956757182e-015 5.322421863012774e-014 1.099214378720093e-012 6.709987637533993e-013 -1.981809486009549e-013
 -1.507761051393955e-011 3.205579566856696e-012 2.198084125532631e-011 -5.572550632439321e-012 -4.887919339205769e-013 -4.31568383291809e-012 -9.278594404926095e-013 8.983001074893435e-012 -7.967449372234921e-012 -1.158013160409013e-011
 -1.399463489583537e-010 2.402578512572595e-011 6.81841545280623e-012 6.827640357077264e-012 -1.123949934751292e-011 -5.171721316033671e-011 -2.05680993165046e-011 -1.691734378933682e-011 3.422563892246495e-011 5.229781774932172e-011
 -3.673590987595042e-013 1.822582025491422e-013 -6.248369394049692e-014 -1.228264555178045e-013 5.815948760236189e-015 -6.985876715266775e-014 9.869213726475126e-014 1.372410124480018e-013 -5.917262461261699e-013 -7.23324386347753e-014
 3.752438735648748e-011 -7.965693703826232e-012 -1.021109691461728e-011 2.037034941775853e-012 -7.7300701950561e-012 -2.59440772167205e-012 -1.238463238004934e-011 4.500986728948083e-011 3.265711716307129e-011 -4.191421186965937e-011
 -2.991509373631689e-012 2.528600669842421e-012 -9.694748381413363e-012 -6.250963746967518e-013 1.981460853950306e-012 2.515534339576975e-012 -5.17660109747225e-013 2.232926797658044e-012 -1.154769776729142e-012 -9.677417317786016e-013
