# Created by Octave 4.0.0, Sat Nov 19 00:01:03 2016 Hora est. Pacífico, Sudamérica <unknown@HEEC>
# name: DatK
# type: matrix
# rows: 1
# columns: 50
 2000 2000 2000 2000 2000 2000 2000 2000 2000 2000 2000 2000 2000 2000 2000 2000 2000 2000 2000 2000 2000 2000 2000 2000 2000 2000 2000 2000 2000 2000 2000 2000 2000 2000 2000 2000 2000 2000 2000 2000 2000 2000 2000 2000 2000 2000 2000 2000 2000 2000


# name: DatF
# type: matrix
# rows: 1
# columns: 50
 7.102406029850457 13.63656521773654 12.33605556600845 15.95275742237968 13.73564098862975 15.22712288832893 25.56468149542306 18.02998427859276 16.85531507966419 14.34406071268511 19.74632583782768 19.79286453084572 13.65650996512244 13.57992822672851 21.81963111316615 14.86705589537301 18.3804667710503 18.00939937141949 12.31967768791896 13.79145007602439 11.50606154065747 22.68785357367241 16.71116455906092 19.80186393740451 13.00936006740283 21.42195680036436 26.4038110820487 19.30074473995371 14.3050617257239 13.45857426852023 8.866889504631127 8.317411399842314 19.02143248069118 13.50543832256309 26.50237575427176 24.59668367097696 16.97645733547794 6.242610731081254 9.888020735355759 16.95825546274137 21.90033522304071 14.56808042483181 22.89629203016229 18.30351359063246 17.05249499756357 21.66180919276349 20.09460253656972 18.32600575540206 11.31174417340427 16.47515238678266


# name: DatP
# type: matrix
# rows: 50
# columns: 10
 0.3630490954917194 0.0128156155511003 -0.05646362222152355 -0.5211785811974871 -0.07177840112719863 -0.7323118949268583 -2.370358244706194 -1.610457598642275e-022 -1.072742113053439e-022 0.3626051310686031
 0.05118697450930681 0.1538249584075531 -0.01532124729603285 -0.2487415562670192 -3.97891600979483 3.166020429201628 2.378369335860469 0.7094398475674797 -0.2052514348942148 -11.69350114805395
 -6.179987063909459 -0.3807960408788499 1.827690375581756 -9.535653680883856 0.09335420093896488 -0.0286328262584285 -0.05082702977341879 -0.08341426621203669 -0.05290342931915449 0.5310854071267872
 20.02981058901567 -0.4070795671670103 -0.9260926082229667 3.852686446883181 3.27406373258148 -2.410043904221534 0.3043635860634052 -0.9883797128000589 -0.1581205317059028 0.03314665983142013
 -1.335337732136291 -0.358546496270145 -0.05279953468211895 -0.7394269441273231 2.334702308144219 0.5054643974186663 0.5458439204995812 0.4967547874844517 -9.53486450072085 0.7418174947413494
 3.982433492148491 -0.3107439981192818 0.1954995632394225 0.9956070142806878 -0.3292874424756648 0.4150707596774751 -3.17261961621301 -5.44538900827905 -5.643839907346474 2.65198563512161
 33.28156502915922 0.5028554922001134 -0.8128659254407054 -6.196998113134328 -0.8861535568032717 -2.198214315264014 1.06851160644503 2.761251659586677 1.676766259846215 24.06289777917472
 -4.852766359480793 6.086941486005498 -4.873451341204598 -1.422627997354847 1.854568708197121 -0.333706006793048 0.9762500739815594 -1.046527099493681 0.22132452539786 11.65819189401715
 -9.749330088063278 6.296703056707682 -0.03108695504107118 -0.00652920850607993 1.026029844460732 3.044238640831169 -0.44131178637118 1.802106020431903 -2.576781477951848 -7.356680147664189
 -2.260897663177139 0.8765879332715414 -0.5356979655819636 -0.8711511389255631 -0.5352758309132651 1.759397708108924 1.684748449638899 2.614879668881445 4.322299920842149 -6.469563254882989
 -8.775136267158878 3.783334297993702 -5.049008743350918 -0.3177630466460267 -1.354355899727527 -7.628921073158736 5.824485032295485 -2.367093130024279 -0.4745583578968129 -0.2245234550423629
 -7.458648453355734 2.23037066074467 4.539930663360654 2.191413946103657 -1.052647726439293 -11.55486638588235 -1.366778838962628 0.3191240466658678 -1.819565862696612 1.576734207350488
 -6.696034326496021 6.900237113077785 3.922855938892047 -0.0137186742932037 -0.09680644088856484 0.3472612981093622 0.1075945712681831 0.3547726121032798 0.6663712278206605 4.904233089832265
 3.285980202099853 -7.087460155413849 -6.331142625167733 0.2240667676237168 -0.9947400732689594 0.9702967512234704 -0.3186166531468725 0.1696943891342558 -0.321482458765678 -0.4116529514723176
 6.540827294269065 -19.02973601959017 -6.217097424079362 -1.037623046523676 -6.242483531051627 0.5959957621566535 0.4512617077398393 -0.2605098479479006 1.356652179961474 -6.15291837302111
 -1.566354897180041 -7.59863631008365 1.827846495244148 -0.2238430346127659 0.09568689294129785 2.377330226437782 -0.6094900847053371 0.816455223616534 -1.124119257776947 3.830089624713094
 7.609421221166819 -1.777323161618341 -3.499457797538147 2.100830039577891 -1.115613489060945 1.433352474076658 -0.09986567206598918 -1.356481859808454 1.956221774557252 -16.7379191104801
 -27.325335872755 -6.124530649328921 1.377287122037923 -0.1193530221408685 1.836498761379358 2.568859752801442 -1.757501814349768 0.5420697108838269 1.773355995543406 0.5459596836522692
 -13.85171337050695 2.405574019086042 -0.3124889820285792 -0.1829433676382414 -0.7286118704071173 0.03190216424411275 -1.021190738895129e-009 -2.079636401809818e-009 0.5229263600555679 -14.0207763458044
 -0.2923988994161765 -0.4415553420499159 -3.988945016736008 -0.5717022523586343 0.4557814777894086 3.962463580635128 0.1647597624473136 -0.3235948010467039 -0.9702192694816774 -6.192704493868016
 20.11708143548047 0.09665504487549895 -0.0005285858728440152 0.007453888260856589 -1.022634240595159 -4.120972445613014e-009 -5.430711750577463e-009 0.1546324331068889 -1.018814063047621 9.398316272181415
 -0.4165766712587662 -1.324100909100508 -0.403263709112383 -1.814321216171533 -9.220081507792672 7.545759057023517 -1.416872149917418 1.946378126591113 -9.319700259502866 14.13744179434912
 14.03413662728852 -0.4854583894225141 -0.229623761565167 -0.2771129642015915 4.991349139159872 3.964324937866972 -0.2549822889293263 -3.972231100462985 0.5235038087945845 -0.007522525233992813
 32.92691529956251 -0.009126892361885892 0.0304858184759807 0.09521585217238505 -4.011283193712654 -0.7723152134116217 -13.90977975435839 -1.328467228544771 -0.361169353671989 -0.02872178087605187
 0.1542674238612966 -0.02968810798433984 -2.431485812890974 -3.12457469451807 0.3564190167790115 0.05721876301206587 -0.3576821215069482 0.644433279182103 -3.063915660881833 11.21273647086473
 -2.419520128023889 0.06876276731777725 1.0002871933813 -1.747916515495668 0.5848619853649916 -0.8411275516828596 -3.900710371481506 -1.124073297805149 -7.706612416480564 -50.86614550236661
 1.907436748828868 -4.649216636132219 8.411791370150226 5.287357180499068 7.703592531358068 -1.863473323056984 -3.496477609292951 -1.579730614393444 -4.78767800832729 -7.944145828797113
 7.727225972008593 0.2112596255756389 0.7025284659205634 0.2919967491897615 0.6908407375816131 -9.558442854290949 -0.1967062492062127 0.7416128065095146 9.336102503276813 -2.681449683736366
 1.841536104301893 -0.06514169809188787 -0.07781063420562878 -0.5126892183198526 1.320225598856112 0.4046189093049781 1.775362024239548 -1.566927113262633 7.615041443981712 5.330160199593544
 -8.591238417752193 -4.038260534807761 -0.02128796085189076 -0.1601594464644971 0.008026102733016752 2.135054146840147e-017 -2.455419147743315e-016 9.568697139058042 -0.1957289558155161 1.38890127266622
 -11.48326430525617 1.846198081389466 -0.006566845796036767 0.03052176476366921 -0.09300237820797104 0.2297128098657369 -0.2690448087720811 -1.006459676225007 0.1174665461670911 -0.09817269173002574
 2.307563261430132 0.7424211491290841 -1.827724989085328 0.1265608022846234 -1.397563777782352 -8.472720381449607e-016 -9.063217589853418e-016 0.05791549004065664 -0.08787514853155437 -0.02580051021736899
 0.2543214810706161 1.389045854335499 11.62947668914112 7.72387890166061 -0.2816186292216711 -0.985455858681935 -9.493693199260623 -0.2477067068004277 -9.937230431349794e-013 -3.089590986992659e-012
