# Created by Octave 4.0.0, Fri Nov 18 17:12:44 2016 Hora est. Pacífico, Sudamérica <unknown@HEEC>
# name: DatK
# type: matrix
# rows: 1
# columns: 50
 2000 2000 2000 2000 2000 2000 2000 2000 2000 2000 2000 2000 2000 2000 2000 2000 2000 2000 2000 2000 2000 2000 2000 2000 2000 2000 2000 2000 2000 2000 2000 2000 2000 2000 2000 2000 2000 2000 2000 2000 2000 2000 2000 2000 2000 2000 2000 2000 2000 2000


# name: DatF
# type: matrix
# rows: 1
# columns: 50
 10197.26595471767 7758.138481534552 1372.5679191649 1918.294797135665 4385.629253385286 221.7506628541902 21971.74817812087 10765.86871708458 39594.72553449908 306187.1741226744 444.0145781139154 37065.07995830834 44985.51218857129 12122.31508068205 198367.6874622393 79704.69114109808 78307.46031103782 531.569576825662 345027.9180525515 11754.77756891844 19777.44731525035 7233.77920579146 226.7731520912503 590150.4627330673 58093.5446096384 450671.7261645354 3342.433664844299 62145.71440658666 27823.72383689704 16806.94627262007 3417.188905898466 22140.42967112799 39964.73581245042 1623.457368023751 433616.5303739219 1258.191342001269 793.8962398615221 125166.2107586945 180515.1743720746 307.1356595082676 659.5917414373807 87690.62463770852 148994.0414718529 1775.776915114872 5428.467757835567 7391.699053519484 62377.18333215428 234688.2153788004 79986.11085521094 90542.6350402784


# name: DatP
# type: matrix
# rows: 50
# columns: 10
 1.504083912702931 -0.6022171153569992 0.8593936708536962 2.537097007921094 -1.5511342024194 -1.294143491190903 2.00947165087699 2.288028538062143 -2.487247436647337 -5.642819028462023
 2.237403474893543 -0.6228680650039529 1.738571696474559 -2.132187904612471 -0.4987231686145169 1.699717360170192 -1.293125983824365 -1.5213036231351 2.856180593267088 -9.932607375681645
 1.033926338526803 0.0005763554854322412 1.05126975368478 -1.044461159342142 -0.4454815637647321 0.7072133345285552 0.6210921478179867 2.494020324248731 -6.535462236939161 -42.78862605148704
 1.672607763691962 -1.172493402962061 1.31997011851166 -1.477868490095173 -1.563893901692484 -1.168692189586987 -0.05305491360558348 2.095203186297043 -5.191760370451282 -26.83158783576273
 0.05996093886649558 1.651585292280279 -0.1066520808607314 -0.06574851974598103 2.23841809036458 -1.695248514097315 -2.303247807574742 -2.5725353581519 -3.438385175643872 -11.71125814267165
 -1.197265414639407 -1.116496742095672 -0.8341804631602752 -0.411487015062014 0.5609773481844901 -0.3180075435096928 1.017498563423104 -1.033018675476367 -1.006469212084117 -1.074371732887128
 2.016536251224347 2.111229807960767 -1.312404993966494 3.037167552322612 -1.976846872449955 2.74135466930562 -2.65194178000351 -2.162101971988153 -6.453967762162581 -40.70927367713367
 -2.560603657790522 -1.31256415649871 1.919434213392377 2.043288145626569 -1.129536874089402 1.76279346140306 0.06335147317064679 1.970457475601473 -3.633615759287883 -14.25950969871015
 -0.2496424593710131 2.663816716845322 3.82574811918446 -2.438397794406594 -2.38113775358551 -2.223169099419688 1.940453589263931 2.294098112242371 -5.827289510927788 -30.70297200349932
 3.719832286181731 -1.022194687029354 3.123881312628109 2.839717121087049 2.147600620246372 -0.8283882588713551 4.286508040372055 -2.436805999561433 1.586679749658319 45.0913002267899
 -0.9769429522984197 -0.680213961793886 -0.2043839292020156 0.881745083891165 -0.5554922549823257 -0.7098264315219596 -0.2190457648594929 1.434823471386378 -2.954247341762935 -8.791711368638223
 2.755376333817146 -2.583997319761545 -2.541990725824918 -2.379465793907998 -0.5065306637063425 2.999828916206532 -3.709899143137886 -3.16050323180326 1.12760214496468 1.909605845419703
 -2.920867369881045 2.696969678613551 3.61299230772497 -2.575527752475346 -2.611821820287143 -2.815645771688236 -2.357598862639785 -3.123801931971116 -5.754638194109349 -30.03309237347327
 1.501386960498193 0.7924355603744094 -0.5588966364269141 1.896760203675527 -1.536192002692988 -2.312490083346946 -2.63582065972216 -1.634476390966527 5.486590445837326 -30.22478890327267
 2.378940810250938 -2.999737812043842 -3.277353427293807 -2.19079767244068 -4.746092116323883 -5.922615042950406 -5.415773370401623 -2.725311364656208 -5.343848369710619 -30.00653893443951
 -2.058501960695991 2.940811052080541 2.314273955741112 -1.629767439090069 -3.022334398644342 -1.963670389078737 3.237777930632752 3.88872716046079 -2.749770685304747 4.652302692216691
 2.01616353790086 1.671530192677154 -4.631952155690349 -2.121154789883464 4.119542946883264 -1.701742608724912 0.7229497664264583 1.748181744799395 3.45328020761909 -9.908565469396294
 0.4680366719056743 0.5936010933017312 -1.177239274536957 -0.8667690425881499 -0.3248911671990192 0.9640696567933785 -0.6040858463815595 0.4538384592112912 0.9957447707144549 -1.069112893164749
 4.342223118438339 -5.05722215955604 -2.601887297217143 3.189278495858176 3.668831979513913 1.346462918901218 -4.89850434786985 -6.885310706361144 -5.150240374972299 -38.03984592205057
 -2.086750106318442 1.46288266209007 -1.935420875875726 2.123526971428475 -1.943389163096494 -2.197096444580498 -0.3076574263932043 2.751276487134123 -4.556280154807952 -19.3261789620569
 1.722982629271712 -0.4895686334518732 1.903604062645122 0.3585742706624476 1.560352864685615 1.608137917005038 2.864810667839976 1.474723215485234 0.9364893791653105 3.399307046429175
 1.617211057262729 -2.931488143925904 -2.164320138316761 -0.9481670920944405 -1.715481215313566 -1.133655608387748 1.220716752509398 -1.148826834235434 -0.3918291312956541 2.206224414232192
 0.9294970445285102 -1.222961444497995 -1.261397878357935 -1.100574729140554 -1.034373789227084 -1.089682126777277 -0.9842501197139283 0.3064652401845658 -0.03957015795776826 0.2747876900283934
 2.800034264365927 -4.68449325126877 5.232199595920259 -4.963270442356885 4.056090734895891 -6.83998506457371 -1.938415724114966 -5.953216089081138 -4.405407240130748 8.05281798676439
 -1.12046070546419 3.437055720883077 -2.230015005407398 -3.502783608850323 -3.582508789388418 -3.057633144303141 1.897064774654589 -3.593331037469139 -1.844156466264637 3.258616267580341
 2.980046861298592 5.634050596259871 3.211709623269662 4.531638858634095 -2.999072020356683 3.142851707861403 -1.058864768310191 -3.595200960355843 -1.397304617230281 44.74675931177282
 0.288134022323484 1.196871570526851 -1.864916576030644 -1.83347826618373 -1.380565179403465 1.70129734864977 -1.803165490217639 -1.497922318344861 -0.1487682586569307 1.748078637881295
 2.045608730684202 3.164559303779613 0.06651474075810884 0.001018907335241429 2.963944622796713 1.906519565847993 3.657560457487621 -1.509618970809563 9.47950116448721 -92.79188758573879
 -3.203359985184373 -1.487258080118318 -1.88683334617572 3.167518999058203 -1.461702867700479 -1.679063300063453 1.15878805594488 2.010695719967676 1.841555334541391 1.086219809316785
 -3.231595702818046 -1.635969038895828 -1.765978846374546 1.26457311695231 1.909897040220622 -1.509803388898086 2.094070129298491 0.5395345178241494 1.025025856435444 1.796213635071385
 -0.01695164455459653 0.356443369224067 -0.5758953937363948 -0.8626805600142083 -0.8161552502423296 -0.3143044141852372 1.139200839478393 -0.1253014359080598 5.42396658032483 -30.07802670008438
 2.801687650733756 -2.651244622681061 -1.567707263685234 2.053226225990585 1.465546965315206 -1.419136421814666 2.79522350577879 -2.83382216423802 -1.367143041117283 -6.177883544850081
 -2.518227672435261 -2.936972972344425 -1.9910553730001 -3.411323905670997 -1.736672771425454 3.048723332994628 1.395031010416006 1.491531071991464 2.85519463975202 -0.6373701802861192
 1.675448446375939 -0.8871615440254409 0.9103700472894144 0.4706235899332991 -1.010917993613591 -1.566043919971429 -1.050501662874656 1.028464365525315 -1.527106595761478 -1.943456355221585
