# Created by Octave 4.0.0, Sat Nov 19 00:28:53 2016 Hora est. Pacífico, Sudamérica <unknown@HEEC>
# name: DatK
# type: matrix
# rows: 1
# columns: 50
 2000 2000 2000 2000 2000 2000 2000 2000 2000 2000 2000 2000 2000 2000 2000 2000 2000 2000 2000 2000 2000 2000 2000 2000 2000 2000 2000 2000 2000 2000 2000 2000 2000 2000 2000 2000 2000 2000 2000 2000 2000 2000 2000 2000 2000 2000 2000 2000 2000 2000


# name: DatF
# type: matrix
# rows: 1
# columns: 50
 4.772178150561217 8.518908525874544 11.04238004569002 6.506675435047555 6.030841556534074 8.84461089961068 4.929793172838691 6.901817902197596 13.38898851612586 7.552468701098492 6.744895675953795 7.491598176744528 7.984308285411904 4.792664271358257 8.384439822811977 11.46258973315683 11.52638322593011 1.837104591018285 4.93989570574483 4.356868040806242 11.77808918865966 9.875676255245377 9.435262919232603 13.20853870906127 6.3606132716949 12.48402917455018 13.45305302371045 8.140886388731456 10.09679308396481 4.070217018692428 10.0523797930183 15.39525946642723 7.833595595535968 11.05489974404781 6.953305826438037 12.2591811658585 9.559351654355707 8.50169765604257 7.702283033498777 5.823719666331931 9.788556425981907 6.181529381984795 7.684974561531421 10.35191936099336 6.340799781168809 11.43359645257628 10.74079766576249 8.530874980903594 4.547374499325461 8.772709238983147


# name: DatP
# type: matrix
# rows: 50
# columns: 10
 -0.9357033235850072 -1.007374393439265 -1.89593563650755 0.004609931498324952 1.898693265152075 -0.3692818718990573 0.9523381591054475 1.943214868340051 -0.05062628131813648 0.03687587819110901
 0.7777142901992873 -0.08803557688320125 -1.840038236638657 1.102350570349412 -0.9294698974895211 -1.852548325301004 -6.863597497759002 -0.1602875753546358 1.986881759398474 0.9892716984117124
 -2.029233955861772 1.971141697011656 2.09739942674108 0.02004175533185543 6.698087678259589 1.01679051523255 4.00177861665624 -3.921711005846569 6.878280029363784 1.992836332385049
 -0.02374414371834421 -2.998265950038886 -3.882614237581932 1.902699708373614 1.912974249604673 -0.04606740428165736 -0.8332752747738088 0.9925376329574286 -1.062303121179606 0.05654460911495039
 -0.001166256616768301 -3.049757501810392 -0.05336295003084797 -2.020909911673259 -0.9479795695821946 -0.01515273614199337 -2.975123710879645 2.011278104171675 0.07074928312243943 -2.010392208304587
 1.92549748147329 1.062497245282047 -4.959662003443118 1.269738067208155 -0.9226556524410504 -1.008619399268657 -3.940566064920208 4.973181037964903 -1.017201746318334 0.9391803409018619
 -0.01218520274016468 -1.005305970999634 -0.006800427280400512 -0.995236710911835 2.997689273315991 -0.994174412374164 1.996042716441872 1.995040562368055 -0.02386469476954131 -0.02738986265167461
 -0.0006084659942898392 2.000093139478657 0.02525809381620992 -3.044130910537976 -2.940466009297113 -3.006553734597362 0.04976963794244538 1.939673193069219 2.96185040684473 -0.04131405021653605
 -3.93858935172437 1.939795414788447 -5.102347095766773 -11.01179411532346 3.952665013863401 -3.959365514341215 3.024406514103036 -1.002418121382386 6.881228647340765 -5.998833069320388
 -3.966824608031636 0.9220295164056206 -2.039169915986581 3.000729819608757 -1.020965192578303 2.975212211068079 2.00949961789247 2.938555586432275 1.026336213579985 0.9211363089482525
 0.1470865155141708 -3.007818804001892 0.08784550838433494 4.064340479877239 0.03908079913795309 0.05662950721359891 -0.06221789654716475 -2.976699008328353 1.10801974571978 1.144190814116496
 0.05139310120399262 -0.0001730381230820768 -0.01531040441506665 -3.985919443020871 -0.9766856738060576 0.9953442107141081 -3.932423768425994 -0.06919652081403545 -3.93395263011299 -1.893102657286005
 0.9494617398049664 -2.951766992765887 -3.842643885522342 -0.9975133268904701 -0.9658841221027961 0.08140277112590236 3.870376304558256 -3.967863457456186 0.9490051331207319 1.04206431307812
 1.046475184089992 -0.8928244450056649 -1.875206785266376 -0.03918015085502426 -0.9654347327240032 1.756623404011429 -0.9380883376754839 1.8855320050327 -0.9691852978277115 -0.01648825154744633
 -0.7433343741266593 3.018886390313742 4.980467058468268 1.146464161821545 3.012232581073749 -2.022638136158547 1.121912133905155 2.994273814711415 0.9820090865606376 1.958634546754796
 2.001749838298419 5.918200164118459 2.085969269028386 5.034127652028381 -5.402691867269579 -2.056872674823943 -4.051508951103354 -4.939863695636258 2.083448402194804 2.113542987829536
 0.9001395243875702 1.007316677078023 -0.01627179133883758 1.894382816761099 3.975375193965337 7.958604563149265 -3.965601935845714 -6.032430903798209 -1.071330661304384 5.860060846815712
 0.03632141839914763 0.006152718185243903 0.01776861066722241 -0.1572871880580146 0.04428004152936953 -0.02560136705249757 0.04528265158852141 0.03024734350451315 -0.9115442815276522 -0.985070319845012
 -0.04188619639611724 0.9789735253536875 -2.017769073948223 -1.073141412095598 -1.001305102597759 -3.127433446306064 -1.012140812117961 0.9862350876980143 -0.01878373026231996 -0.001494463424581293
 0.9913524442166808 -0.957065295122429 1.955850236131611 -1.971586782291448 1.018812363093689 0.9318610342958292 1.020119588106772 -0.9460146490129046 -0.9407092581809278 -0.04619992407594455
 0.9978566251878069 0.1263166519436817 2.992770476656871 -1.03726676839976 6.913980726791933 -3.932157210510608 6.053964646442478 -1.058565524338694 -7.962787417942227 -1.793056498963876
 -2.000662313618296 2.031129546397095 2.059002109538544 -3.132462538225838 -6.920587111788369 2.062246480104062 0.01582051703145542 -3.072117637129887 -4.959125721383228 0.9728883720362417
 3.917266945822703 -1.948146427059222 2.055252608356856 -3.915005492125863 5.952727768660881 1.92860276814916 -1.083264992393395 -0.989749692630998 -0.07140233735264928 3.992803415496875
 -4.086022666741069 -6.12018605785527e-009 9.962514794164184 -1.98142819058095 3.984831388084956 4.992319461304266 6.023743839068629 -3.988616909755187 7.212603810090205 2.09595155829794
 0.7842977031518773 -0.9303948803108805 -0.1484123207555838 -0.9476254417798839 -0.8774799955789586 1.01684541549988 -1.035966481463173 -3.90734358559047 3.004314875753526 -0.9379101489837902
 6.984059838352721 1.954735108971684 -6.89533539242933 1.04043733310544 -6.066513848459253 -7.004982193767137 3.88926121560193 3.992753399704896 2.115208243653077 -0.9200278895553121
 3.995048873202842 -2.01296440599161 0.9918995019263487 1.93577531140122 6.968367298557846 -0.8972872724698113 0.9973791727561245 -2.003642062719693 0.05360250771634602 14.97384799063762
 -1.974154486706571 -1.978940155600431 2.001999492883225 -2.098966115839021 -2.0343939671881 -2.108014879564713 -5.045217752783599 3.177882812347107 -0.9636644758440381 1.01599881337941
 0.9639560199816579 2.032933823869194 5.934096612868974 -3.892909741312421 -0.2945015752320057 -2.09503783996387 -0.802662960833413 5.007435176685889 3.01291432826491 3.013291084180643
 2.108077181525948 -0.9834177787630172 0.1237805493455636 -1.883741046452223 0.05590505208575113 -0.8700650520957603 -1.040252102163535 -0.005842800409321067 0.03668127427940001 0.03311062984472439
 0.02120256629061188 0.9674379707610644 -2.893120203298964 -6.057533015597603 -0.9563154219938924 -3.855267923074353 3.921263184963102 -2.047766111694567 4.045668747941917 3.983746252867523
 -4.990309269716724 0.009957310650863249 12.97471357865946 2.850262224315516 10.11195350221184 1.752902647567675 1.922189745215437 -6.777764619762068 -2.902416053778709 -8.982532454438562
 -1.127131915698356 -1.051401846669316 -3.983286148561464 -4.966470126956954 -0.9842700598308298 -0.07994107782839874 -1.984880846215219 1.031069185744717 -1.009139212391177 -2.93690668340795
 -2.866536837816094 2.977244761108629 -4.964830564503141 3.078463579614941 -7.993796302555953 1.029307569552843 3.047483972440181 3.02770247875001 1.814123166210022 -3.085827625954713
