# Created by Octave 4.0.0, Fri Nov 18 15:17:17 2016 Hora est. Pacífico, Sudamérica <unknown@HEEC>
# name: DatK
# type: matrix
# rows: 1
# columns: 50
 2000 2000 2000 2000 2000 2000 2000 2000 2000 2000 2000 2000 2000 2000 2000 2000 2000 2000 2000 2000 2000 2000 2000 2000 2000 2000 2000 2000 2000 2000 2000 2000 2000 2000 2000 2000 2000 2000 2000 2000 2000 2000 2000 2000 2000 2000 2000 2000 2000 2000


# name: DatF
# type: matrix
# rows: 1
# columns: 50
 536.3118626932953 795.167415810776 150.4594077579129 167.1274995162068 1334.589012268879 1284.116170374327 532.2898696728846 368.6859800501946 262.1528479373152 998.8615780474729 1015.911406195534 190.0496616234224 39.79844539653869 820.4198081167569 170.0544967303962 1067.61682104675 544.5123245971016 160.0459437912716 384.3653722707448 355.1503598538209 184.0171336299218 243.0157605439871 1026.090683856164 912.2994079250528 341.3198928009028 1852.684324000963 1052.948716361231 56.9154383434338 162.2294866450875 321.7576487764895 850.9339757916792 2189.169241316887 754.9339256907277 339.087847864742 709.9662074328971 99.83346301232899 415.0362883076989 959.4747774130636 121.6218694577516 779.2356838094886 447.8759446006008 1287.198370354239 1302.064831813578 89.48208869402963 225.5139121261181 33.48682632056732 368.6958439961864 1653.754134774108 1178.086409598964 728.6314777875787


# name: DatP
# type: matrix
# rows: 50
# columns: 10
 -4.259467794881401 -6.556584187697636 -8.880862460990347 4.696426216858425 8.566401704658121 -0.4646099218070804 -5.084529623282751 -7.378463629085352 3.433204506480724 -14.44208096438212
 0.01935989184350438 2.925909949693404 -18.33379236321656 -7.180436703883778 -1.873965214113317 1.59863731537483 -3.755898975097017 12.1530541221795 14.99747012608641 2.474768598313982
 2.126044111680668 0.1115198225722846 4.436646438093268 -4.417647159277043 4.460729744548772 -4.953685255976031 3.058635852720345 -1.808868939170901 -6.984420223546389 0.9386032361207027
 7.680629850170405 -5.522069000383098 3.605336191796617 -3.855186244393153 0.3037828656095365 1.943807578718859 -0.3704193246001075 4.73875754489421 -3.222040273434561 3.596667838369748
 24.65775106683941 -3.136992040303603 -10.53261052141879 -10.05461564668053 -16.13284593888391 8.432647186232931 6.109073528668455 -8.852122637348881 -7.581898305817981 0.4100392603193418
 2.288836611839202 -1.448564809389381 2.471189658603739 0.002817505132890038 -8.030368706075715 -27.20666473596493 -20.23248808690009 3.68801295266716 0.3174172414701683 -6.551875763703834
 -3.073447955132663 -5.355374163615347 3.635946350122508 -2.156460669295173 3.433952988865637 -19.28071400315607 -2.643331661418891 5.571350410885485 -5.696293832944971 4.720217126663997
 3.612770895840278 1.458790376445383 -0.5727629707140394 -1.65531417134983 11.69795666442491 -4.980680065972678 -10.38778587374277 7.513815591172007 -3.002493844585937 3.925534522772027
 7.403314666533013 -0.8071953856825114 -5.969987005717494 -2.313963562855954 1.171165996005507 -4.493742900463521 -5.561752972062664 -7.48319884781131 -3.255015593034829 6.826800172964368
 -3.089180488727813 7.111124119219481 1.546101579209443 -12.58263205085938 -0.7798336866155948 3.445935169560142 -12.1221144264734 -13.92105933609542 12.62194418806145 -16.29416337926896
 -8.345217911840633 10.66017059025397 0.4952054397991325 -7.296085563702901 2.581535154700497 -13.65681565375593 20.24774513283663 5.381699801713182 -11.20198238356962 4.643295339317857
 5.133772149397609 4.34337969348409 2.624493162952769 -3.521192937691113 0.9090779860384409 -4.760872124927407 0.791975000225896 -8.735722902108309 -4.699079937792837 -1.740280567354074
 0.5697883037640541 -1.48239875782311 2.254509956035347 1.282621799299061 3.585947518429864 2.385214768990745 0.4906091857079812 0.3077391066421351 2.349862120937007 -2.4784723054575
 0.3962045290233867 6.406990748040934 11.23512415596097 20.29418752433726 0.9367289177863627 5.891693803311343 -4.955973838326477 2.443290189225475 -9.49556587815642 -9.211113160247637
 -0.4999869283764912 3.638928805846687 -4.584144323477972 -0.5070390356255728 -7.086270621510137 -3.023903596736612 -5.222062892066284 2.933743582418929 -6.327471530599706 0.1353760519464056
 4.667770786855814 14.92668346584813 0.5573877163600204 18.61490758395363 -2.543641429046108 11.05056058633513 1.964886824324512 7.072436492565726 -17.06955097554811 -1.537101994202094
 -6.049555903611837 -12.68058468773926 -8.731318980133022 -6.465180771852062 -6.567101584221013 8.117086039860318 -1.370697425662226 10.31833927758299 2.20266479270944 2.621239846455997
 2.798064559679184 2.523643049018856 -2.662825244350573 -3.994004971534686 2.51081806081936 -2.712345365930142 -8.985893471539367 -4.858190988259326 -2.034225048542671 -0.8111059429491599
 5.839810290789456 5.344342729235954 5.471094862910508 -9.975700002081071 5.292849357264024 -9.800070709255381 4.42393469356879 -0.8373347299356071 2.325157416212425 6.520597705895534
 2.852790500241883 8.230845627428806 -0.3327411589547736 9.517319247553782 -1.570190224427031 -5.328480445032519 7.195007470405501 4.654479948827563 -8.953819025104382 -2.028213921837708
 -0.9248192975006291 -4.826597584735628 -4.28704643817346 3.987529929325567 -2.698573360399713 4.185051025064864 -0.5432574208774363 8.729441643055782 1.34082986805877 4.742739875620914
 -9.936462469117457 -5.532366002492747 1.895461757532427 0.09279930133849454 2.420697900695061 -7.955015083961666 4.036583942263459 -2.815328662012133 -2.453094989944756 3.270200274204544
 -6.57736298054606 -12.32368863734935 -13.74183551060402 -17.26196509376915 10.62718620048529 1.074365840288556 10.72791119738559 7.078028801557599 4.629048525401953 -6.590613569707322
 12.38068479730726 -2.227083139255689 -5.07860868181939 2.854762000632202 -11.78453102030228 -13.9496312040201 1.084410410346181 10.31675894534845 16.01638122353037 4.744777094208687
 -1.558616293075678 -6.860092233954987 -1.574249078200457 0.2184795100515725 -2.880186223127574 0.7937576982102728 -3.545476729411382 16.20410884610004 2.285889463877169 0.09688032557301342
 -2.667162876749687 -12.55915013513978 -3.722466233009835 -6.461164646370424 -9.411528460067773 -9.611879417778368 5.30159385117159 27.11655499392343 26.22150759356807 0.5365670061463842
 -14.2327182904151 -5.879575959936943 1.326811584665787 18.54794448429232 -5.247238821715326 1.975364182873139 7.196196558350792 -3.587274610329448 -5.760342440942417 18.45945425532135
 -5.434331961181099 1.946553023503613 -0.9235605974700311 1.928462048581558 1.361988457947903 -0.7245979673673196 -3.131689949366116 -2.357351726418073 1.129852232525498 -0.03557827347881657
 -1.291956104008589 -9.224099929806052 -2.762615436667553 2.007569070787512 2.703066848195378 -3.968893005438519 3.27195063126053 4.588617869554679 2.184824605312842 2.054439927046579
 -3.172820824831621 -5.130543827418969 4.714151729903639 -7.665308244512802 -10.52208851670829 -3.436773015278324 0.2693231060824393 0.5560251988372011 2.145361123249915 8.768019787308546
 9.97588862481167 4.226092980847267 -16.11747803158586 -5.301513550733391 -1.918704222750631 -2.917826473792312 13.65777373215055 -8.646709251989519 -12.44003807943874 -4.174514004826197
 14.7396896013575 23.13041787423276 18.73994159364702 -9.276478265619254 -18.30732043236863 18.98712137118016 2.178108697236842 6.919197003783809 15.76773541027406 1.657231658573457
 -6.020862439191784 -3.418650015571758 -1.244791962554455 -8.116626033435216 7.455810767109004 -15.18263216276859 9.311085882955823 0.5128374051442766 12.16211761818024 10.8898570691351
 -5.261007780669688 2.718885677010755 3.909096320081388 -3.910032537084945 4.34975937440261 -7.977262302990885 5.048129839186531 -0.4537052364209422 9.884136048438188 8.216154087301717
 -10.81626341225862 -5.884782145336434 9.266443390083728 -13.07536996031729 0.4738746519694998 -6.929698039010122 8.771511599879044 1.508451201804183 -6.505480251649155 11.47738356305103
