# Created by Octave 4.0.0, Fri Nov 18 16:39:05 2016 Hora est. Pacífico, Sudamérica <unknown@HEEC>
# name: DatK
# type: matrix
# rows: 1
# columns: 50
 2000 2000 2000 2000 2000 2000 2000 2000 2000 2000 2000 2000 2000 2000 2000 2000 2000 2000 2000 2000 2000 2000 2000 2000 2000 2000 2000 2000 2000 2000 2000 2000 2000 2000 2000 2000 2000 2000 2000 2000 2000 2000 2000 2000 2000 2000 2000 2000 2000 2000


# name: DatF
# type: matrix
# rows: 1
# columns: 50
 -391.6616570377141 -377.5249379892267 -391.6616570377141 -391.6616570377142 -391.6616570377142 -391.6616570377142 -391.6616570377142 -391.6616570377141 -391.6616570377142 -391.6616570377142 -391.6616570377141 -391.6616570377142 -391.6616570377141 -391.6616570377142 -391.6616570377142 -391.6616570377142 -391.6616570377142 -391.6616570377141 -391.6616570377142 -391.6616570377142 -391.6616570377142 -391.6616570377142 -377.5249379892267 -391.6616570377141 -391.6616570377142 -391.6616570377141 -391.6616570377141 -391.6616570377142 -391.6616570377142 -391.6616570377142 -391.6616570377142 -391.6616570377142 -377.5249379892267 -391.6616570377142 -391.6616570377142 -391.6616570377141 -391.6616570377142 -391.6616570377141 -391.6616570377142 -391.6616570377142 -377.5249379892267 -391.6616570377142 -391.6616570377141 -391.6616570377142 -391.6616570377142 -391.6616570377141 -391.6616570377141 -391.6616570377142 -391.6616570377141 -391.6616570377142


# name: DatP
# type: matrix
# rows: 50
# columns: 10
 -2.903534047718286 -2.90353401326926 -2.903534059155713 -2.903534033844567 -2.903533997387343 -2.903534011618868 -2.903534014298527 -2.903534016871763 -2.903534067492066 -2.903534049269569
 -2.903534030078196 2.746802782998101 -2.903534008056567 -2.903534031891692 -2.903533998723915 -2.903534026277515 -2.903534061308266 -2.903534025510944 -2.903534031037202 -2.903534057675619
 -2.90353402727227 -2.903534049538567 -2.903534033779235 -2.903534029314194 -2.903534061305243 -2.903534032054079 -2.903534056973514 -2.903534057378411 -2.903533987990424 -2.903534046833783
 -2.903534039382503 -2.903534032052715 -2.903534032508521 -2.903534036527926 -2.903534016546739 -2.903534049408223 -2.903534020341876 -2.90353400523594 -2.903534065458993 -2.90353401347644
 -2.903534034073981 -2.903534030351891 -2.903534031030874 -2.903534006135292 -2.903534017668889 -2.903534022798423 -2.903534024966947 -2.903534035991024 -2.903534001031248 -2.90353399241805
 -2.903534017439238 -2.903534020870917 -2.903534039353428 -2.903534034668191 -2.903534017424116 -2.903534044871061 -2.903534031772724 -2.903534024039182 -2.903534064766747 -2.903534025532734
 -2.903534036459302 -2.903534034059944 -2.903534025752337 -2.903534036466745 -2.903534047558483 -2.903534013453967 -2.903534030722667 -2.903533994565066 -2.903533990162498 -2.90353401228336
 -2.903534020419629 -2.903534052867474 -2.903534009193987 -2.903534050582945 -2.903534016156097 -2.903534042300046 -2.903534009591666 -2.903534046116219 -2.903534028678151 -2.903534018341714
 -2.903534020298064 -2.903534027574474 -2.90353401998331 -2.903534033306056 -2.903534011127194 -2.903534035259396 -2.903534028883919 -2.903534031190956 -2.903534008773939 -2.903534044172194
 -2.903534018901222 -2.903534028220044 -2.903534043661409 -2.903534016282076 -2.903534013954484 -2.903534054296744 -2.903534029307024 -2.903533999773724 -2.903534020185159 -2.903534043555194
 -2.903534035208264 -2.903534049735327 -2.903534068529342 -2.903534038586142 -2.903534015872729 -2.903534025984039 -2.903534044841165 -2.903534023718134 -2.903534043818842 -2.903534032490052
 -2.903534032812191 -2.903534037425628 -2.903534024787529 -2.903534008914966 -2.90353403919361 -2.9035340144605 -2.903534033729348 -2.903534041724554 -2.903534023337414 -2.903534044827691
 -2.903534010388113 -2.903534011699628 -2.903534032037881 -2.90353404574542 -2.903534022434961 -2.903533994824007 -2.903533983860015 -2.903534028635101 -2.90353399774501 -2.903534012559932
 -2.903534024720264 -2.903534035177264 -2.903534019075595 -2.903534008100478 -2.903534044174604 -2.903534011998057 -2.903534027384333 -2.903534016969131 -2.903534053050497 -2.903533996963146
 -2.903534038352105 -2.903534034432379 -2.903534031410615 -2.903534048904176 -2.903534030420306 -2.903534031766025 -2.903534029687423 -2.903534025039711 -2.903534046419364 -2.903534019829078
 -2.903534023156871 -2.903534022144364 -2.90353401638199 -2.903534017423075 -2.903534003510563 -2.903534047169242 -2.903534038989783 -2.903534066958567 -2.903534058666163 -2.903534018417458
 -2.903534030624035 -2.90353403283803 -2.903534047371366 -2.903534023636115 -2.903534009468928 -2.903534042836758 -2.903534024534337 -2.903533998003073 -2.903534057590767 -2.903534003922381
 -2.903534021252773 -2.903534048901447 -2.90353405298431 -2.90353400554949 -2.903534000745113 -2.903534038583358 -2.903534018436066 -2.903534041839462 -2.903534019966078 -2.903534063219802
 -2.903534022821531 -2.903534023604716 -2.903534021881025 -2.903534037869498 -2.903534045325209 -2.903534046250819 -2.903534034616222 -2.903534038759519 -2.903534028175366 -2.90353398899957
 -2.903534021054198 -2.903534027005681 -2.903534024469231 -2.90353402079328 -2.903534042721024 -2.903534051220112 -2.903534035931048 -2.903534052083259 -2.903534036532457 -2.903534036898439
 -2.903534028159012 -2.903534019434542 -2.903534038162444 -2.903534054929551 -2.903534030497767 -2.903534040491439 -2.903534027351358 -2.903533993618575 -2.903534052960467 -2.90353401011417
 -2.903534026779305 -2.903534032620489 -2.903534007956913 -2.90353403404413 -2.903534036933148 -2.903534017228381 -2.90353403343489 -2.903534043160247 -2.903534062265739 -2.903534022609792
 -2.903534035246079 -2.903534028955914 2.746802770179275 -2.903534016639712 -2.903534049486284 -2.903534003297897 -2.903534038349996 -2.90353403316871 -2.903533990618453 -2.903534002072077
 -2.903534004402371 -2.903534025664199 -2.903534053973187 -2.903534023035045 -2.903534042902474 -2.903534011659104 -2.903534029693045 -2.903534039772521 -2.90353406392558 -2.903533994092454
 -2.903534031144323 -2.903534031979484 -2.903534028699212 -2.903534043502662 -2.903534024749252 -2.903534053484207 -2.90353403932577 -2.903534021808955 -2.90353406684748 -2.903534029847151
 -2.903534031435057 -2.903534044973398 -2.903534008220999 -2.90353404977326 -2.903534027923512 -2.903534004879023 -2.903533986557088 -2.903534009848414 -2.90353402559881 -2.90353399998763
 -2.903534013475094 -2.903533999152057 -2.903534005804866 -2.903534068828988 -2.903534048539483 -2.903534035314205 -2.903534015952086 -2.903534024335429 -2.903534052765428 -2.903534055466225
 -2.903534023409483 -2.903534033774215 -2.903534030071646 -2.903534032577322 -2.903534024128066 -2.903534010110896 -2.903534037934568 -2.903534024163717 -2.903534022047082 -2.903534026916378
 -2.903534029686451 -2.90353403021547 -2.903534030159991 -2.903534043917043 -2.903534051246692 -2.903534006226733 -2.903534032376031 -2.903534057234298 -2.903534016431962 -2.903534040161905
 -2.903534026840187 -2.903534022999912 -2.903534030355611 -2.90353402552466 -2.903534055267389 -2.903534015269415 -2.903534026076889 -2.903534021138797 -2.903534048458208 -2.903533989271609
 -2.903534024921463 -2.903534025602081 -2.903534033539525 -2.903534016162676 -2.903534014717374 -2.903534003995869 -2.903534029986448 -2.903534056228469 -2.903534052059333 -2.903534052805597
 -2.90353402100099 -2.903534024994353 -2.90353403389636 -2.903534032337769 -2.903534014078625 -2.903534020924876 -2.903534022073776 -2.903533992296472 -2.903534027224707 -2.903534050927732
 -2.903534021212709 -2.903533987402977 -2.903534023859186 -2.903534039693984 -2.903534018405489 -2.903534020715365 -2.903534020580978 2.746802784855329 -2.903534026489407 -2.903534040990075
 -2.903534031200677 -2.903534026744608 -2.903534020907608 -2.903534023670264 -2.903534052841962 -2.903534018508626 -2.90353402159923 -2.903533997111137 -2.903534001369577 -2.903534039789293
