# Created by Octave 4.0.0, Fri Nov 18 15:11:24 2016 Hora est. Pacífico, Sudamérica <unknown@HEEC>
# name: DatK
# type: matrix
# rows: 1
# columns: 50
 2000 2000 2000 2000 2000 2000 2000 2000 2000 2000 2000 2000 2000 2000 2000 2000 2000 2000 2000 2000 2000 2000 2000 2000 2000 2000 2000 2000 2000 2000 2000 2000 2000 2000 2000 2000 2000 2000 2000 2000 2000 2000 2000 2000 2000 2000 2000 2000 2000 2000


# name: DatF
# type: matrix
# rows: 1
# columns: 50
 3.946005084757759e-038 2.263363869046627e-037 3.282280517837347e-038 5.235071469915453e-038 3.096748686715845e-036 8.586317583509742e-038 7.73303666031627e-038 4.935932364241713e-037 5.402905594765353e-037 8.794929409719066e-037 1.517933839365543e-038 2.469485608901735e-037 3.934176166085058e-037 2.049819633240117e-037 1.567461115623837e-036 1.435636149143421e-036 1.240214302300429e-037 1.045021127288101e-037 1.4554567420514e-037 2.540009041404095e-037 1.8213239183787e-037 5.614793481405988e-038 2.809326101152867e-037 4.332322976098378e-038 3.661204786308146e-038 1.405074823585496e-037 1.408608908186789e-036 3.91197397009934e-038 6.129306601338271e-038 1.070333485796096e-037 9.400115101825203e-037 5.745928791940955e-038 8.39571598418442e-038 1.36538353757882e-037 1.190160420045693e-038 1.811177268852694e-038 2.174011104107881e-037 9.406516583138242e-038 2.725982145094708e-036 1.328255004021089e-037 1.067949453377686e-037 1.663419339242682e-037 9.575080626305527e-037 1.868224172388022e-036 2.428235735983932e-038 1.328547167229425e-037 8.122218259290009e-037 1.240265916116749e-036 5.441625375127051e-038 1.003310867155514e-037


# name: DatP
# type: matrix
# rows: 50
# columns: 10
 8.130138697287137e-020 6.025163488633717e-020 1.721201878239047e-020 1.114410436893931e-020 -4.426094751819228e-020 -8.272154764310373e-021 4.38019735615687e-021 -1.332793614779614e-020 3.831958794838552e-020 1.584511291017259e-019
 1.920323650216402e-019 8.811968568080582e-020 2.64443084148504e-019 1.32007679858876e-019 2.167417825799e-019 -2.802040293604856e-020 1.399981141301306e-019 -9.912219955968795e-020 -1.142599465417868e-019 6.400426003627502e-020
 2.243355109856858e-020 3.930889408124946e-020 2.241418248259352e-020 -7.571165056039999e-020 3.341038830706836e-020 -3.870056031629126e-020 -3.011619021671758e-022 1.057788852545431e-019 6.052854366929592e-020 -8.409962499388699e-020
 2.921502369013545e-020 -4.831053569468768e-020 1.194788096270971e-019 7.052491517214176e-020 1.837667232960063e-020 -7.470425276007036e-020 -1.200308313467631e-019 4.580510916339037e-020 -8.627812090811857e-020 6.818321482203142e-021
 6.56501888976598e-020 -6.160776257586449e-019 5.488865088200278e-019 -5.1627071936513e-019 -6.883852649037277e-019 5.194871022109077e-019 1.7132792868977e-019 -1.660483740543441e-019 -1.051174001272458e-018 4.893281294676205e-019
 -5.103040509496157e-020 8.96150226756411e-020 -5.510745344261976e-020 -1.337221802954008e-019 1.092724382201691e-019 1.491108673700655e-019 -5.945920358836229e-021 -2.76217244501409e-020 1.278828784406644e-019 -5.461600152595282e-020
 6.29525566390663e-020 4.280340319001726e-021 6.366668016686856e-020 -4.68724636723706e-020 -7.753401541010971e-020 1.894871593420698e-019 -1.296267083644963e-020 5.337051745755666e-020 6.710250902817018e-020 1.329001508667846e-019
 -1.000313425797393e-019 -2.61932527378661e-019 2.895187009025919e-020 -5.552829160949089e-020 -7.345121313442153e-020 2.435403535264052e-019 1.621973259856176e-019 -3.467752058054748e-019 2.451943073612765e-019 3.737224468622756e-019
 1.688449167550097e-019 1.151876477293451e-019 -1.887688080471753e-019 7.617375420204358e-021 -2.258803127136549e-020 9.787538474884488e-020 -4.634505373148056e-019 3.23791481052962e-019 3.526499688260723e-019 9.350367759576535e-020
 -2.580991678602147e-019 -7.86802323215814e-022 5.552618680960995e-020 6.379927864590757e-020 3.990997409168419e-019 8.084265570777398e-020 2.247643697872423e-019 3.910212727126958e-019 -5.543351560796195e-019 3.594487098310645e-019
 1.005081435591864e-019 1.865287350978512e-020 2.210633181256289e-021 -5.67172017245935e-020 -3.708491059922921e-020 -8.164659161004196e-021 3.644759850561662e-021 -2.485327631262266e-021 -4.013890910189385e-021 5.501746070927921e-021
 1.501368830413558e-019 -2.395218731522422e-019 1.686385575048298e-019 5.904728832768543e-020 -3.013964329572261e-020 3.112755666500582e-019 -3.187712653161849e-020 -1.389841361314687e-019 -1.287400318763164e-019 -2.008956433902156e-020
 2.439318948748417e-019 -2.700031268745862e-019 -9.719499126001275e-020 1.976249424164823e-019 1.752285647224072e-019 -2.381097158592802e-019 -6.4601308739926e-020 -2.468786633529285e-019 2.353649078937958e-020 -2.43788879911059e-019
 1.884061368999774e-019 -2.364492117620267e-019 1.437856620811633e-019 5.124751486699582e-020 -9.43076184083553e-020 2.202085988265459e-019 -1.106515039788409e-019 9.446870385262224e-020 2.749153010036792e-020 -1.047215703890733e-019
 -3.684699465994094e-019 1.595828793637997e-019 5.726122322094597e-019 -7.980668087066548e-019 -1.422733879724338e-019 3.850001967649034e-019 -3.692831947863578e-020 5.051828419795697e-019 5.94684329718918e-020 1.133673299117859e-019
 -4.062004363857067e-019 4.762272401699563e-019 -4.761003613420917e-019 -4.166035371123992e-019 -8.216495918242165e-020 -1.256219190867667e-019 -4.063697759947619e-019 4.288595912840969e-019 5.149325982535469e-019 8.28881019442537e-020
 6.038314340801165e-020 -6.989750507098715e-021 1.438927471201095e-019 -2.854264189139667e-020 2.960654723544046e-019 1.028676552086934e-020 4.542815223331728e-020 5.834847430293769e-020 -7.468445160488755e-020 -1.851607184924513e-022
 3.216805294548873e-020 -8.322450773374519e-020 2.184833352831125e-020 3.211750928800319e-020 6.852912127684221e-020 7.033553342858613e-020 -7.631696197115943e-020 -1.519153223352846e-019 1.063223481235445e-019 -2.125601398410528e-019
 2.29952086602654e-019 -1.021885463901976e-019 -3.731144266448188e-020 1.401329141624309e-019 -2.82268906236523e-020 -8.914873717683133e-020 1.472412694812941e-019 -1.364460931916548e-019 -1.039335456174293e-019 3.676780233684552e-020
 -2.891438622172564e-020 -7.846759159366194e-020 1.910724994825206e-020 2.509955742428613e-020 -4.089732048558704e-019 -1.003107648271217e-019 -1.786858488923924e-019 -3.840031892766963e-020 -1.720905505760133e-019 -7.531877707358054e-020
 2.84791357932158e-019 -2.197553991063496e-019 -1.29947714261593e-020 7.286103471851361e-020 -8.359185032766072e-020 4.009801049435511e-020 1.679614863926566e-019 8.168172173910681e-020 5.751996350221383e-020 2.166300344751449e-020
 -1.262791991286688e-019 8.647419300872343e-020 -2.865776388373157e-020 -1.188706313457749e-019 -6.746898308068333e-020 1.526338559921644e-020 -2.354828400970104e-020 6.250809849419499e-020 -8.588488180427872e-020 -3.389965486586479e-020
 -2.222916390939178e-019 -4.119144965083407e-020 2.723048773426867e-019 -1.406796352250769e-019 1.3438980325108e-019 1.810306697330893e-019 -1.541422380081256e-019 4.38681544273405e-020 2.289454960363265e-019 -8.335819407834804e-020
 -1.959067204317069e-020 2.490455752543185e-021 4.158843109614442e-020 -3.967267339732803e-020 -1.169444678235606e-020 1.42742769096757e-019 5.774345550684895e-020 -1.541591897823317e-020 3.160709697285757e-020 1.206088319264952e-019
 5.454055395358109e-020 -3.228201145112314e-020 -3.036912336386955e-020 -3.887748197629847e-020 6.81209255269015e-020 -6.447836677221043e-020 8.178645244024654e-020 -7.481280984764196e-020 -8.715606071894843e-020 -3.848929460410614e-020
 -6.757266791678585e-020 5.555690865319255e-020 -1.892427576611331e-019 -1.460418171361782e-019 -9.551982903304319e-020 -1.253118518018074e-019 -1.079738549632789e-019 -1.845529390602546e-019 -1.530211663469045e-020 -7.024542508249276e-020
