# Created by Octave 4.2.2, Tue Mar 19 16:39:21 2019 -05 <ubuntu@algoritmosb>
# name: DatK
# type: matrix
# rows: 1
# columns: 50
 2000 2000 2000 2000 2000 2000 2000 2000 2000 2000 2000 2000 2000 2000 2000 2000 2000 2000 2000 2000 2000 2000 2000 2000 2000 2000 2000 2000 2000 2000 2000 2000 2000 2000 2000 2000 2000 2000 2000 2000 2000 2000 2000 2000 2000 2000 2000 2000 2000 2000


# name: DatF
# type: matrix
# rows: 1
# columns: 50
 6.745739047159415e-36 2.126020405878714e-37 1.411575820971215e-37 2.621630380999238e-37 2.920984249072609e-36 9.708035276805396e-38 1.086225888516486e-37 6.507545807278715e-37 3.852021770842888e-39 2.81561581030345e-37 1.697859054660452e-37 1.229532783132406e-37 3.846750303975496e-38 6.965791601175105e-37 8.119806176696251e-38 5.794912127710592e-37 1.775220519921434e-36 5.648811524485174e-37 1.967799359741658e-37 5.941034270020941e-38 2.826354354062457e-36 4.782930238014751e-38 3.039853562048455e-37 3.136868981105225e-37 3.107981200408195e-37 9.008743239181593e-38 2.735147792534333e-36 1.260545224368954e-38 3.892862015451555e-37 3.217751022850779e-37 2.007892095838685e-38 2.85215469219512e-36 3.569160315465441e-38 5.271936529683832e-38 1.700339671480136e-37 1.177452704128173e-37 1.332768046915483e-37 2.1352940440756e-38 5.138800162612864e-39 4.066516460721674e-37 4.301985695986741e-38 5.691667126070889e-38 1.71722834084605e-37 7.467549559645506e-38 1.419867508729094e-37 4.20268071846733e-38 6.210969031482595e-39 2.860190808115436e-38 1.169712428250398e-37 4.561331528987756e-37


# name: DatP
# type: matrix
# rows: 50
# columns: 10
 1.82580166071859e-19 3.114668363355354e-19 1.198422899435291e-18 -8.375760752801955e-19 -2.190450626426232e-19 -1.725586662562007e-18 9.152350798674135e-19 7.870772637812534e-20 -3.032096443277375e-19 -7.184876454763727e-19
 2.458615404359641e-19 -2.248659016181265e-20 4.676224805026503e-20 3.467701272268706e-20 4.694953716732226e-20 -3.859353199332731e-20 2.565024005449089e-20 3.049728332068888e-20 3.075709376196662e-19 2.199492514334959e-19
 5.954459915572292e-20 -1.467107627403327e-19 2.187013632031252e-20 -1.495586099330347e-19 -2.226693846769644e-19 -7.182908819449914e-20 -1.400711395200057e-19 9.263533733996993e-20 -5.88647570770468e-20 8.267122823178079e-20
 -1.104328362306193e-19 -1.153876556001672e-19 -2.411919918405862e-19 -1.792574908403666e-20 3.099345324088212e-19 3.236068020246924e-20 1.832047167008601e-19 9.726975622869434e-20 8.554568167617845e-20 -1.752379552337728e-19
 -7.605936543066729e-22 9.830412560920213e-19 -6.505314548838397e-19 -4.726727405782885e-19 5.855449550392593e-19 -3.410477371046989e-20 5.163516473648548e-19 -2.725957626621565e-19 -4.281849010125698e-19 6.631041041474338e-19
 -9.54090324841767e-20 8.894762978158018e-20 1.64314405642876e-20 -6.210469842914723e-20 1.530472790433751e-19 1.021918760363185e-19 2.77914443401627e-20 1.421569709777576e-20 1.99247582239734e-19 3.739122941897656e-20
 1.650195661209052e-19 -1.30672187647603e-19 1.691537583092026e-19 3.782151599982277e-20 -5.054470659229304e-20 -5.004474233063664e-20 -4.000751471224267e-20 8.313604165493725e-20 -1.43832979815336e-20 -1.431576909770666e-19
 2.261456873806686e-20 -4.047254809999097e-19 3.262495507236302e-19 -3.784728842517544e-19 7.177956752430733e-20 -1.97556054354492e-19 1.15661547792821e-19 -1.686731129308472e-19 -3.852501730753334e-19 4.830470093648005e-20
 2.957764445043516e-20 -1.372774709339446e-20 1.063134732533477e-20 2.052503850957133e-20 -1.619770384664697e-20 1.692261923155705e-20 2.935893305886622e-20 5.96699363135609e-21 9.466307912140566e-21 2.680536004563279e-20
 -1.306923248145221e-19 -1.790478219272907e-19 -1.565781387561228e-19 7.13262780292684e-20 -1.036091012897645e-19 1.704002403905278e-19 1.979611494360262e-19 -1.891864529593624e-19 -2.041887432214173e-19 -2.153475375555326e-19
 -1.239225746047436e-19 -2.592772060301192e-19 4.225293876028911e-20 4.641938983061351e-20 -9.553338720909778e-20 -6.537017135329088e-20 2.078856450233658e-19 -1.431261858941593e-19 7.794461624797933e-20 -9.357550140274768e-21
 1.037577475742095e-19 1.996543832740369e-20 -5.6647029091084e-20 -1.286945051835307e-19 1.422916355454364e-19 -1.27332253067495e-19 -1.762765466148469e-19 1.035237434960346e-19 -2.157936485175937e-20 -1.153306562712085e-19
 5.736649421952093e-20 5.694630670596403e-20 1.597117813027258e-20 -5.085716900666488e-20 1.362888708626411e-20 5.644579326164841e-20 -6.75273371962703e-20 -1.839968023722672e-20 -1.335279344434181e-19 5.470012289293241e-20
 -2.607757860922271e-19 -4.120569174954653e-19 2.177453720189205e-19 1.221522388860755e-19 3.308212116805753e-19 7.525001871922405e-20 -2.044129528490643e-19 1.604987658714032e-19 3.9927512072143e-20 -4.606583060958002e-19
 3.837476761250324e-20 -3.458320640587203e-20 -1.045556710698264e-19 -8.903758272989408e-20 -7.334865247905024e-20 1.135864776029314e-20 -1.224880970025344e-19 1.499497211524416e-20 -1.958210966086033e-19 2.422256486467079e-20
 -1.126099700083112e-19 -6.149436251790748e-20 7.507877183196823e-20 -8.278173701917999e-20 3.7806229049138e-19 1.696994036439942e-20 -1.818515593526399e-19 1.409707172236001e-19 2.767944724056516e-19 5.27031332811615e-19
 4.291648212285865e-19 5.203554009175745e-19 -9.361340598486849e-19 1.944189583590909e-19 2.483959449819657e-19 -1.520944661793971e-20 5.221305500456566e-19 -2.435265199458718e-19 8.046673336501943e-20 -7.6094535695365e-20
 -4.612556145634667e-19 1.296114193929106e-19 -1.304387952551427e-20 3.599031816450781e-19 5.708688072522309e-20 -2.97391371234018e-19 -1.482138244214373e-19 -2.094271623396387e-19 1.716458678349493e-19 -1.365098159048084e-19
 1.556901642680245e-19 -2.90162984734552e-19 1.008036152574384e-20 1.1724963632013e-19 -8.28531038145727e-20 -8.770207571468134e-20 2.255587645524344e-19 -5.990654113092701e-20 -7.002720211967547e-20 2.390000499646503e-20
 1.577190721933797e-19 2.682467590584059e-20 7.349916778661954e-20 3.198073495403176e-20 1.692404169188246e-21 8.007077372844202e-20 -6.390113974479945e-20 9.589756550097568e-20 -4.683369267148649e-20 7.418417701505503e-20
 -4.96529948284261e-19 -1.167618153535437e-19 4.084005540309642e-19 1.679807930336693e-19 -3.88593702251596e-20 -1.212433090970896e-18 1.173675716103277e-19 2.04728741300319e-19 1.449900038787528e-19 9.071688526912704e-19
 3.932664737709056e-20 3.879777712203196e-20 7.082089574814777e-20 -3.033308529367969e-20 -1.545215535004262e-19 1.211648983115401e-20 -5.850589148673803e-20 -8.54334149375544e-20 -2.357160138726877e-20 -5.950299486653449e-20
 -5.525988535688567e-20 -2.2551222445171e-20 -3.165705176772232e-19 3.346300784748135e-19 -1.438774108852747e-19 9.754935933822481e-20 -7.478177741747563e-20 -3.721646859886562e-22 8.695726744009262e-20 2.117979121418964e-19
 -1.049655130914818e-19 -1.146486850415102e-20 -2.600534192080051e-19 2.910199097471015e-19 2.174013362990887e-20 -4.183438667852019e-20 -3.48242999501511e-19 -1.333541295580031e-19 7.975182978765046e-20 -5.077118282733631e-20
 3.109518729031986e-19 1.26836780354099e-19 5.913805134515308e-20 1.424164077712257e-19 1.868070025861578e-19 -1.843316110160892e-19 -3.144133557849323e-19 1.376405749661369e-20 -6.59296849801161e-20 4.441634426148842e-20
 4.533437242195791e-20 -1.196815098298704e-19 -9.503268365530024e-20 -1.573687469115747e-19 3.682515449904143e-20 -1.484132325909101e-19 -5.465973697274376e-20 -2.770824617931037e-20 -7.122398361647002e-20 -8.775853576772084e-20
 8.740742962577347e-19 -8.513119154475634e-20 -9.232005476040403e-19 -4.666085357020369e-19 -5.841058138609229e-19 -3.523074860523337e-19 -2.352107396471852e-19 6.080479210731242e-19 -3.180183260794254e-20 5.013911902951297e-20
 -5.445022198881547e-20 2.342763883732343e-20 -1.77820505865219e-20 4.291897544974199e-20 -2.508546334574136e-20 2.554499483899718e-20 -1.66396145563072e-20 4.403078909718191e-20 -2.638054464156281e-20 -5.234676686831399e-20
