# Created by Octave 4.2.2, Tue Mar 19 16:43:49 2019 -05 <ubuntu@algoritmosb>
# name: DatK
# type: matrix
# rows: 1
# columns: 50
 2000 2000 2000 2000 2000 2000 2000 2000 2000 2000 2000 2000 2000 2000 2000 2000 2000 2000 2000 2000 2000 2000 2000 2000 2000 2000 2000 2000 2000 2000 2000 2000 2000 2000 2000 2000 2000 2000 2000 2000 2000 2000 2000 2000 2000 2000 2000 2000 2000 2000


# name: DatF
# type: matrix
# rows: 1
# columns: 50
 249.4474811021471 162.0389420896771 733.2019375795501 338.7187990246437 84.51596400572281 1664.599775183995 1080.795570084929 766.7197489872956 371.4684617470273 824.5452162071851 109.4504288439764 727.7039255809416 667.2726758051083 1268.4506411879 1885.932432011801 118.110400410919 169.8685919324882 3135.822569466226 438.924512670503 2846.617949666205 231.3495534106884 679.4857333037976 1474.033640721982 120.0828721424831 578.488489847247 542.5145086267891 608.8536646584021 879.7998966144897 250.0845762103786 1210.286828968258 126.6953809044191 1107.305133910985 1590.705163463774 209.9897385177638 115.2754149415637 761.3576256837781 873.1104168300847 23.37746908352078 752.3846532365228 323.3004976194161 1611.241332662866 883.6108382529995 542.4950206592771 186.0982418325355 1558.61082214268 464.6792553225592 109.1112188507607 1094.508787163896 5.14533466178732 352.5084097780645


# name: DatP
# type: matrix
# rows: 50
# columns: 10
 1.65993065809836 -10.68126826813759 -2.943019738845617 5.65199656975792 0.8310755593189132 2.736076407189935 -8.339849300960868 1.064701707343839 2.222770494173475 -2.862167646965118
 3.796858715520563 -4.552325239690342 -3.483314862380247 -7.078862372667824 4.950538449150228 -5.330075456524622 -1.108806675788722 -2.865431901438094 1.515756781421875 -0.01264196343274291
 -10.68484276067964 -0.5984141090680263 9.655658115271381 -11.03200826196735 -15.55034740458743 -11.15338165517086 -3.861856135504725 0.2307209237824228 4.577059755004513 1.270104592503727
 5.510409863562464 10.42025660552649 -3.650028408587461 -10.47202411741677 0.5868050447906159 -4.442175032598521 -0.04356362490232577 -6.945849253019986 0.1698091713269109 2.904070241115328
 -1.730877645156535 -6.686364015428075 -3.453983269546106 2.411159690438783 -1.841026003958239 0.008387108322449377 0.8373216514080905 1.745695828644934 3.450646307699142 0.1546054706929137
 8.844429007907239 -0.3339417942184215 0.8444766223726848 1.299423200372397 10.53456896566389 24.56413699289071 -8.64481304744735 -1.339033017944187 -15.10221824526938 23.76732893475243
 5.854897057555834 7.524824084548729 3.280993277298133 10.55808322430988 20.71195238856111 -12.86048448619749 3.075016765580389 -14.29204916618027 6.982088180512628 -3.287818268472522
 -15.6426791418929 2.140296766198988 12.82005794933133 -0.1584893867251337 11.36772887847413 1.593625529112092 -5.606595157950893 -0.3707790713563927 2.518375117114146 13.54208113610379
 -3.070919187553086 -0.2779635158620192 -9.308438076932246 -7.909776977306946 -5.385807766186708 7.202614872968713 -2.020611347789689 -7.622061423952649 -8.307558283182585 0.8186944553078799
 3.069003734216702 -10.14281171788896 -3.529739998900943 -13.53976745656466 1.023789120907015 15.64089656593432 4.803630918957165 4.238969071347835 4.956028521131397 -14.32388559219524
 3.268774665437383 0.1565924032889311 -3.373848359846367 -1.061311263895496 -2.1519633415918 4.244652902476639 1.506495887270372 6.166309349098392 2.730860378723979 -3.979103134427449
 1.556514728580294 -11.37770431177076 -12.04656067652422 -1.509380615687629 -7.392608372767537 -3.699356177288779 9.103433218453278 8.482627895792504 -14.48641930398366 3.925744106111663
 7.181888896260075 1.57479603336926 -10.44717606305345 11.03825264239412 6.644209977460995 7.476466324397786 7.138387277686042 -14.79740148540473 2.686618314188479 2.246330232477851
 -1.985585129162957 -13.30582020127986 4.160022203853242 18.87594457945505 0.2738491737303134 -13.60444318590508 -2.735177017615499 14.165179001288 -17.21418342219286 -4.923281937199479
 -17.00543667412025 19.46424360401146 4.490976878518396 11.87784989422789 -8.295359235407304 -8.371986223136949 6.084361205528824 -18.77613562902984 10.30663531666711 -20.54132407782174
 1.938617957230579 -2.410898578360552 1.742104852929854 7.838379996002786 1.264150407649343 -0.4121225498490151 -0.6753646887261565 -0.6802365464089066 -5.447984136456701 3.420132595259482
 3.255220032576047 -1.287332125329553 4.63918649027497 6.689935928109671 1.435836904247276 5.074792077267178 3.54482295682196 -4.296166697972603 4.072195309466784 -3.989596656783705
 14.95892999734911 -3.299181349477976 -19.60954917725041 -7.320897449777563 28.88245799762285 28.23250292548631 -6.360008656309301 5.228289505034305 -23.961197432547 -13.77839329306611
 13.33130466035261 -7.261618513199299 -0.1766329262947014 9.98595756493682 -4.103813441185876 4.935412842460154 -1.443599348176371 -5.371436708456229 -4.788254274497936 3.695389362289476
 26.88054310081179 27.74773903707397 -8.110906355584167 13.58285524535277 14.16382279655109 -7.706441390221407 15.45532189572456 20.61655651661118 13.36866748926211 1.096726502928233
 5.736281547659736 0.879467587118667 5.308997096698494 8.098103123368396 -7.494770667023683 -0.008774620139108603 0.2245932861371011 0.6851184981361204 -6.722968078158955 1.420086682060245
 -5.127420319599442 -15.06657828049248 -5.266435706115685 -0.6851835212424973 4.999325375258795 -4.678430303955919 -2.491973366376254 8.085206136002217 7.768741641388091 -14.8045226554463
 -3.350985892377452 1.583627220088216 -12.86430665625292 -9.722735867285966 -11.63066453086623 -10.61637801875203 26.14177614137006 -10.3164815717041 -2.211911767101164 -12.5530886809142
 -2.368373767758401 -0.5106349357321798 5.732757444569449 3.635673063252864 2.498657475656842 3.046619326694124 1.302000737589422 -6.325356160868419 -3.301456320584024 0.01320750817608466
 3.0007493234194 0.5555833510851711 1.159119426403926 20.7212205943742 -4.933471789007867 2.815193008974888 -8.572352840823177 -3.716080490012199 3.383308646126904 -2.730761673666227
 6.554303478800082 0.3686673387942532 -6.276631020157667 -4.271939936566802 2.952381398556552 2.564736159909075 8.622106391531675 10.23395844012031 8.682655875096918 -13.11550863002273
 7.545503153996575 1.011796604101888 2.503850138189709 -8.079339363632332 -0.985377433290846 -19.0262086054691 -8.163909572388921 2.25722210747224 0.4623783591148616 -6.665168932267072
 -9.24804367081628 11.66416739596988 -7.668210877607716 -11.8842249442555 11.6163545455205 3.166209778702506 2.77620578255193 -6.821644867806884 -15.18937785512639 -5.316068950031696
 1.033944155202086 -2.088158258061426 -6.042027077317438 -4.236313440421841 -1.821434559855912 5.187200170423166 8.00802114506398 -1.117246283217594 9.644571401994916 -1.258419288570739
 -16.07717528811595 1.055536695940339 5.665837409242319 -12.93357076572279 -5.971833417192592 -5.842084779478094 -23.96858440022289 3.460645504241053 8.639293467636504 -4.518726999627188
 -0.2183016971332299 6.258974237264502 6.979955872883154 0.671893090441583 -1.559811566641596 -0.8216882886032031 -3.395852403655212 1.21596811074968 -0.5455636219982241 -4.678196985148499
 8.451198762047037 1.922514449072993 4.456755851717155 -18.0333702735275 -1.620984482655709 -3.458502721027997 11.03647958618904 -15.99395197065066 -0.6185286052978366 17.16215035328373
 4.301338630729396 -20.91234367825173 -11.58782798050113 -15.44704518778517 -22.78156695843118 -2.224615374488101 -1.129094035701226 -7.909838921754742 4.820009811437968 -12.28686138333463
 5.477786893521022 -0.2507299973708561 -0.7485211848795102 5.188586289688252 -4.855591530526071 -0.5033158122257151 -4.551597367912365 1.7337203912841 1.202457083828863 -10.17055495704403
 1.942882411993301 -6.378680144160631 -0.8385662294974893 0.07519317585830572 3.026393834538383 3.679715899398477 -4.662515484301895 0.3444473228251611 4.304944070354819 -2.648510594242563
