# Created by Octave 4.2.2, Tue Mar 19 18:53:58 2019 -05 <ubuntu@algoritmosb>
# name: DatK
# type: matrix
# rows: 1
# columns: 50
 2000 2000 2000 2000 2000 2000 2000 2000 2000 2000 2000 2000 2000 2000 2000 2000 2000 2000 2000 2000 2000 2000 2000 2000 2000 2000 2000 2000 2000 2000 2000 2000 2000 2000 2000 2000 2000 2000 2000 2000 2000 2000 2000 2000 2000 2000 2000 2000 2000 2000


# name: DatF
# type: matrix
# rows: 1
# columns: 50
 2.517527174207192e-05 3.043552077698444e-05 1.168975799251283e-05 7.963127941388325e-06 1.23414254371143e-05 2.564861665005753e-05 1.305224259628074e-05 3.248407494829611e-05 4.060583050167635e-05 7.506038164267388e-06 2.967543511294607e-05 1.304703350319886e-05 3.484797092625972e-05 5.763989974604359e-05 4.740784610205508e-05 0.0001545881566795321 8.723088479221116e-06 1.486042846402981e-05 2.293752753145591e-05 2.027005320135478e-05 4.460378439054584e-05 6.211046880257112e-05 4.781551970269829e-05 0.0001016371257755368 3.291607689108556e-05 9.378889047185203e-06 3.5855826701107e-05 2.277799113773986e-05 4.33971941080886e-05 1.665356861665923e-05 0.000232350935506325 3.966743919792348e-05 2.541035278684927e-05 6.256329442919417e-06 3.820818778407628e-05 2.782004287605207e-06 1.60033471668882e-05 3.473308687744074e-05 1.488264956942883e-05 2.339290103220425e-05 4.26916590931016e-05 0.0001867407835250652 0.000162418106959961 8.723665498646976e-06 3.769140464390367e-05 2.101603624416374e-05 5.808007841660924e-05 3.61483942337107e-05 4.777643278084839e-05 1.84872227437302e-05


# name: DatP
# type: matrix
# rows: 50
# columns: 10
 1.767494376577015e-12 4.743388185520073e-12 -3.358306831417218e-12 3.660419088039684e-12 2.846417733509967e-12 3.479301224918153e-14 -2.144521156038214e-12 1.086130751760858e-11 6.388955089559977e-12 1.530117139351763e-11
 -5.38742661415359e-12 3.41318139405553e-12 1.504100227078753e-11 -8.852192052547669e-12 9.159640161273326e-12 -7.473837523183753e-12 -3.530596862318047e-12 -6.459997182804703e-13 3.927317252897845e-12 -1.022677288652058e-11
 1.333322125805103e-12 -1.86480111864303e-12 -9.526814610046675e-13 -2.947608975201095e-13 -4.492601563386706e-13 7.382968496497613e-13 5.5266526067257e-13 1.427542184021858e-13 2.604346466471395e-12 3.945714957889452e-12
 -4.01124750646669e-12 -6.576515026801926e-13 2.812544952535755e-13 4.665936690005596e-14 -2.670335205846177e-13 4.428537389034325e-13 5.386568762982816e-14 5.44108953789769e-13 -5.08496630571128e-13 -2.398152097388397e-13
 2.279829685796165e-12 1.309914344256317e-12 -4.125745982590754e-13 1.678653904032371e-12 -1.501726322457622e-12 -1.329524280511873e-13 1.213153087214921e-13 1.316190246567897e-12 -9.618626098253133e-13 4.084065702621666e-12
 -1.232629753357468e-12 4.975185125578888e-12 4.698805349659454e-13 -2.851835441210738e-12 -4.461675349116819e-12 -3.599167071258468e-12 -3.93032348288297e-12 7.431926727977138e-12 5.407194006385294e-12 1.902784516878398e-11
 -1.131703106162006e-12 -1.348420444126343e-12 -2.904638278182468e-12 -1.870536647763127e-12 1.705146662089744e-12 -1.149205276913743e-12 8.412909455920867e-13 1.850868814277748e-13 -8.210215719229309e-13 -1.675113549820836e-12
 -5.703085878717017e-12 1.14079284081454e-11 2.01386597742119e-11 2.267992216824211e-12 -9.245354873441813e-13 -1.802172010323066e-11 2.044492923031292e-12 5.650682139498973e-13 5.32556633906208e-12 4.08775719411725e-12
 -6.022245506882644e-11 2.922647900950956e-11 -3.354581532783619e-11 5.92820515975803e-12 -9.730600096077092e-13 7.401500820135233e-13 -3.302266250981287e-13 -9.89693065601965e-13 -6.192100177093623e-12 -4.364065986630551e-11
 7.903986763631649e-13 2.06442971915666e-13 9.797640295128104e-14 -3.25156984718416e-13 3.348465777975435e-13 -1.261763195195767e-13 3.338779864665589e-13 -2.422140310577045e-13 -9.594019870039604e-14 4.885864393475885e-12
 -3.104363105873546e-11 -3.264160146116937e-12 1.28776173249042e-12 1.234734084934069e-12 3.78416804883635e-12 -1.178826033738318e-12 -6.202784732619813e-12 -4.489651698491124e-12 1.369264180941752e-11 -2.076898959986029e-11
 3.480158368492341e-12 -1.030741551623267e-12 1.348494882623422e-12 -5.912102313155623e-13 -1.267456767869489e-12 -8.817019521964073e-13 5.148810280921325e-13 1.323271529009504e-13 -3.16300299508982e-12 2.58226905471683e-12
 -2.679714134948721e-11 -2.58272508583687e-11 -1.014615670175608e-11 -6.597216133347189e-12 5.244216437326917e-13 -8.817281751810952e-13 2.481074393091973e-12 -1.767412657254787e-12 -2.15671310794504e-11 -2.384025692837278e-12
 -6.433334676879861e-11 2.401345686504602e-11 -1.303645819898948e-11 -1.508023251773476e-12 -4.757118471209179e-11 -4.082327917651431e-11 -1.726836097526348e-11 -1.908190584102143e-12 4.723286948147461e-12 2.137782361116994e-11
 3.870488216290546e-12 3.197478659115465e-12 3.250610056773747e-12 -3.553394768398004e-11 1.725346597787931e-11 -9.627362203699422e-12 -3.19781600697146e-11 1.127782013808014e-11 -1.707611738911638e-11 -1.022581146188599e-11
 -4.917016496074336e-10 6.201409038975851e-11 2.75831177216292e-10 -3.549975248856078e-11 1.525964509573438e-11 1.128859888692178e-10 5.175306673144577e-11 -1.601931102998412e-10 -3.449824054364387e-11 8.090802337849909e-11
 -5.882772994877194e-13 -5.827374178196181e-13 2.863151938048897e-13 3.904235313395935e-13 -2.886816432150604e-12 5.05807120494943e-13 -3.998040231849609e-13 -1.709752907977484e-13 1.486187166550375e-13 3.274945202590977e-13
 3.598397757435003e-12 5.104658968414281e-12 3.57989393646037e-13 -7.476807594014662e-13 -1.491705290616828e-12 1.716226927277625e-13 1.530202429797097e-12 5.427667235198233e-13 -1.092665035100548e-12 -4.747955346772516e-12
 4.418785211673456e-12 -4.481657714630472e-12 1.712526930188253e-12 -3.367353146032709e-12 4.869942689002552e-13 5.748651998186092e-12 -1.643155490978713e-12 -6.682865224671865e-13 -5.399939975101782e-12 -1.685266706274473e-11
 1.572304529196186e-11 8.017876906763395e-12 3.739275026378915e-12 -3.163542974298893e-13 1.503389194493865e-12 -4.804730811090984e-13 3.757724013973362e-13 1.316689968051744e-12 5.644073658512623e-12 5.253952946785871e-12
 -3.910234657853366e-11 8.414903244432782e-12 -1.974162004866076e-11 1.753408267715857e-11 4.078270855417467e-13 -1.561433112921588e-11 1.232420062231086e-11 -6.279414622742117e-12 9.725487619592e-13 -2.118719106799586e-11
 3.205047290213038e-11 5.148589912863788e-12 2.188199510652647e-11 -1.682723468932892e-11 4.611459865510572e-11 1.08017638193218e-11 3.912255441074516e-11 -4.210848939922838e-13 3.09812085842724e-11 -1.51923419752624e-11
 -8.25532779316121e-13 -1.310709341174279e-11 2.701550221687976e-11 2.023431286334002e-11 1.731904783235983e-11 -2.497561615014272e-11 -1.090538824058322e-11 4.78591320925493e-12 2.676186345323466e-12 3.026738100562773e-11
 6.248157378043283e-10 1.190938721195826e-11 -2.090025258755989e-12 1.776459072328599e-11 -6.290890611820034e-11 -3.124863640542902e-11 -1.126494722439119e-11 -5.394870731687978e-11 -5.213582016878226e-11 7.238741689379055e-11
 -2.615934140359902e-12 -9.957880989296139e-12 -3.729850096389554e-12 3.715496099035086e-12 5.595956534234003e-12 5.980997914205624e-12 8.383462216379691e-12 8.012473310869806e-12 -4.702352656789893e-12 -3.449759085756022e-11
 -6.738300088835354e-13 -1.030875088296001e-13 -1.437709790240089e-12 -6.19990582705641e-13 -4.029923318361371e-13 -4.27002419081625e-13 1.61263421789046e-13 9.823654828126145e-13 3.335551471956755e-13 -1.980518388325567e-12
 6.966273304440597e-11 -4.189767047652029e-12 4.10661422244521e-13 -3.857419100030433e-12 3.909032184268218e-12 -4.898264641715371e-12 5.691049720967559e-12 2.878461864383139e-12 1.630465814021446e-11 2.278033827039113e-11
 -4.41769974740973e-12 -5.906855512844328e-12 -2.429450181925947e-12 -2.778646280709344e-12 -3.908819457976196e-12 3.123607843036322e-12 -6.396548870523874e-13 -5.874822236756906e-12 -4.987773410116804e-12 -4.230686765093757e-12
