# Created by Octave 4.2.2, Tue Mar 19 19:14:27 2019 -05 <ubuntu@algoritmosb>
# name: DatK
# type: matrix
# rows: 1
# columns: 50
 2000 2000 2000 2000 2000 2000 2000 2000 2000 2000 2000 2000 2000 2000 2000 2000 2000 2000 2000 2000 2000 2000 2000 2000 2000 2000 2000 2000 2000 2000 2000 2000 2000 2000 2000 2000 2000 2000 2000 2000 2000 2000 2000 2000 2000 2000 2000 2000 2000 2000


# name: DatF
# type: matrix
# rows: 1
# columns: 50
 3.108624468950438e-15 3.108624468950438e-15 3.108624468950438e-15 3.108624468950438e-15 3.108624468950438e-15 3.108624468950438e-15 3.108624468950438e-15 3.108624468950438e-15 3.108624468950438e-15 3.108624468950438e-15 3.108624468950438e-15 3.108624468950438e-15 3.108624468950438e-15 3.108624468950438e-15 3.108624468950438e-15 3.108624468950438e-15 3.108624468950438e-15 3.108624468950438e-15 3.108624468950438e-15 3.108624468950438e-15 3.108624468950438e-15 3.108624468950438e-15 3.108624468950438e-15 3.108624468950438e-15 3.108624468950438e-15 3.108624468950438e-15 3.108624468950438e-15 3.108624468950438e-15 3.108624468950438e-15 3.108624468950438e-15 3.108624468950438e-15 3.108624468950438e-15 3.108624468950438e-15 3.108624468950438e-15 3.108624468950438e-15 3.108624468950438e-15 3.108624468950438e-15 3.108624468950438e-15 3.108624468950438e-15 3.108624468950438e-15 3.108624468950438e-15 3.108624468950438e-15 3.108624468950438e-15 3.108624468950438e-15 3.108624468950438e-15 3.108624468950438e-15 3.108624468950438e-15 3.108624468950438e-15 3.108624468950438e-15 3.108624468950438e-15


# name: DatP
# type: matrix
# rows: 50
# columns: 10
 -1.267511194367416e-15 2.863609478634528e-16 1.033787679897469e-15 -2.14087341152793e-15 4.746155542004199e-16 -1.638694526123842e-15 -8.771355935909457e-16 8.674120072526165e-16 4.607268433292635e-16 1.12083625654037e-15
 -2.936429754378957e-16 -1.350020506078605e-15 5.737866325852497e-16 2.631935626839527e-17 3.473953509709608e-16 -8.510724678782627e-16 -6.120637969396179e-16 -1.148737777892888e-15 -1.147939569663337e-15 2.280263083683612e-15
 -8.187012933923009e-16 1.157422282923029e-15 -1.607440071764024e-15 4.668418132858352e-16 -3.109502321122729e-16 -9.339264638472971e-16 -1.878805061460639e-15 -3.173380676281315e-16 -1.286229390593164e-15 -1.096953996186507e-15
 1.013421788309594e-15 -1.037658795152103e-16 -1.251626431656097e-15 2.507007777707683e-15 3.464976125642048e-16 -1.353113328181101e-15 -1.660205811923241e-15 -1.162415849691076e-17 -7.728144325977122e-16 -1.300605210118721e-15
 1.204293671215581e-16 8.692716077642508e-16 -2.667404202751173e-16 -1.13278313976121e-15 5.191345441135317e-16 -1.866286529655631e-15 -1.904211615089532e-15 -4.481006320871005e-16 -5.328050187303017e-16 1.424206553023077e-15
 2.2699808475149e-15 1.620186774948178e-16 2.731479603071235e-16 2.85216752529688e-16 -8.349363176235868e-16 -1.404302210957363e-15 -3.196592996734847e-16 1.851334863473498e-15 -3.505567088366602e-16 2.092462482763388e-15
 -1.146044795534691e-15 1.037461121152519e-15 -1.004540106782392e-15 -1.038143391292307e-15 -7.033210643771378e-16 1.4491596569374e-15 -2.51363637502135e-17 9.509778543649539e-16 1.818858311234963e-15 1.719928827916191e-15
 1.224130186007162e-15 6.537556630202679e-16 -5.958190420703367e-16 1.965971887387653e-15 -5.188233266983176e-16 -4.452448618067896e-16 -1.616323642361597e-15 2.089551898605736e-15 -3.835403996022284e-16 -6.94246833473978e-16
 -3.195021138243748e-16 1.191152752355962e-15 -5.138024975722225e-16 -8.531072544285659e-16 -1.70263813628959e-15 -3.397403102960213e-16 1.69993638521875e-15 -6.765803660326301e-16 -7.890434390954125e-16 -1.405165844922975e-15
 -3.284500202127111e-16 -3.543851758147008e-16 -1.30884031568721e-16 7.83940773798146e-16 -6.665475529098217e-16 1.407661376358894e-15 -8.10943879164762e-16 -3.022342047274764e-16 6.058300902535531e-16 -2.068034688785746e-15
 -2.325746128008021e-15 7.354288668902773e-16 -2.211472163222228e-15 -1.022097477032872e-15 -3.350056473047926e-17 -1.572653435145973e-16 -1.820642089201773e-15 -6.206637780532471e-16 9.866219995964695e-16 1.553250877470655e-15
 3.001169103607245e-16 8.866895887562717e-16 1.346906291909696e-15 4.210832608438961e-18 2.364910041520031e-16 -6.534102258369247e-16 2.885495438090551e-15 6.095796565420338e-16 5.706303465248273e-16 1.923034806520234e-15
 -1.687569683551491e-16 8.445896045142323e-16 1.722584060244996e-15 -1.208983182918424e-15 -1.367252347214378e-15 1.506477374338509e-15 2.596476239200237e-16 -6.922309739386885e-16 1.528087827896285e-15 1.292369830794069e-15
 -1.660257982064572e-15 -6.001152435252469e-16 9.513242063364521e-16 -2.3601844939242e-16 2.878269351941854e-16 1.26831415620418e-15 -1.265971746376792e-15 5.020868074260457e-16 -1.158617571771102e-15 -2.209743105135766e-15
 -8.964219101066021e-16 1.1632752332245e-15 -1.19977379399333e-16 7.574777311902492e-16 1.088830537139615e-15 -6.649411667352805e-17 -1.75556566177099e-15 8.688585028077606e-16 1.068689066014609e-15 9.647071432386968e-16
 -3.59102829206966e-16 -1.648969975005685e-15 3.844783435478993e-17 -6.494001229188843e-16 -6.695400243768848e-16 -1.081532159485723e-15 1.14889121718797e-16 -2.21447450251362e-16 6.693711513924236e-16 -3.50188065804004e-15
 -2.587962411799733e-16 -4.765324165528615e-16 2.470210088467386e-15 -1.131095854081812e-15 1.146241499244731e-15 2.25486001795911e-16 5.706832808039205e-17 -2.614672354407384e-16 3.180049786252812e-16 -1.067320730907289e-15
 -5.767158679949415e-16 -3.049851762182506e-16 1.002870905562007e-15 -8.010378707237752e-16 3.130465188238213e-16 -1.734775873778048e-16 4.216969537454495e-16 -1.186615277977136e-15 -1.508763103203239e-15 -2.490274152979539e-15
 -1.706794362590524e-15 -8.230347103979896e-16 -2.773222745399743e-17 8.637152113567318e-16 -3.924387945980763e-16 4.42145397870553e-16 -4.374460436089108e-17 -6.5928651618518e-16 -1.348101703488239e-16 1.528318642226408e-16
 -1.861704002798062e-15 4.944911765845633e-16 -5.882375996765975e-16 -9.41267479512398e-16 1.547959080645514e-15 2.299325852427693e-17 1.13483996469603e-15 1.757506853695767e-16 -2.301862267194986e-15 2.002590082963037e-15
 1.281618014556081e-15 -1.681729374395596e-15 2.306696946397791e-15 5.953233347463128e-16 1.550536911440141e-15 -9.345567954802839e-16 -4.057147478878107e-16 -7.6457538880252e-16 -1.281801724260534e-15 -1.476829660860351e-15
 1.564633106800185e-15 6.535425065489535e-17 -1.973975132651612e-15 3.094704546206027e-17 5.072293107126437e-16 -1.903251124452083e-15 -7.402803647665277e-16 -5.728036501871233e-16 7.408735005737702e-16 -1.137977633413896e-16
 -1.943316513565942e-15 2.290970183537462e-15 -5.156689060562818e-16 -1.233130304934918e-15 7.549289962385876e-16 -8.044335989709267e-18 -7.521363992151417e-16 -1.034693405110564e-16 5.012861611021459e-16 -1.594958723604738e-15
 1.02317008938128e-15 -1.02145802055286e-15 -1.745298517721062e-15 1.698318031130305e-15 1.586112509424971e-15 2.552445354185843e-16 7.790047613495824e-16 -1.0622525793351e-15 2.115863377707634e-15 -5.015304490927488e-16
 7.240920941884166e-16 3.956065917940387e-16 -7.894496007428738e-16 6.5637367598366e-16 1.741585550829801e-15 -5.028245454335356e-16 -1.638770024173152e-15 2.463687130237719e-16 1.724796302628523e-15 -4.387906333469355e-16
 1.04743720602023e-15 3.579599889845628e-16 1.258805132727459e-15 -1.714070905800838e-15 2.095323498573965e-17 1.007713268022337e-15 -2.739575337499779e-15 -1.858509057229442e-16 1.362869105277353e-15 1.154951795860327e-15
 -2.340932402406034e-16 -1.430877421826029e-15 -2.026006870402147e-15 8.121163518782535e-16 3.591646631349536e-16 2.218414715158511e-16 1.086725204017306e-15 5.411900506733034e-16 -5.677268171278738e-16 2.626731868096954e-15
 3.740761284281937e-16 4.605016850375693e-16 -2.920310979901552e-16 8.034350637954376e-16 2.419774491842987e-15 -5.843075040409751e-17 4.784024728913497e-17 -8.90532098427527e-17 -6.33933432688764e-16 -6.416620948371187e-16
