# Created by Octave 4.2.2, Tue Mar 19 19:20:47 2019 -05 <ubuntu@algoritmosb>
# name: DatK
# type: matrix
# rows: 1
# columns: 50
 2000 2000 2000 2000 2000 2000 2000 2000 2000 2000 2000 2000 2000 2000 2000 2000 2000 2000 2000 2000 2000 2000 2000 2000 2000 2000 2000 2000 2000 2000 2000 2000 2000 2000 2000 2000 2000 2000 2000 2000 2000 2000 2000 2000 2000 2000 2000 2000 2000 2000


# name: DatF
# type: matrix
# rows: 1
# columns: 50
 6.228345937315097 8.049036162067729 10.44164618316611 2.262844361846703 5.918325630334136 8.257470151184396 5.023016354349139 2.074126181944839 6.086942760535203 11.62050984715099 8.620652715710818 3.235823995621697 10.77936308010487 4.911943654142726 7.710513114910558 6.553134728096436 10.96788590151558 7.019939689664961 12.31802937519541 10.74926463821253 4.242277493669813 11.36905179636805 6.763275092028337 6.08513436221396 3.396003454462508 6.754448997196686 7.101637836419453 13.33149712113659 7.217296096926766 8.765922112146864 10.02037499649417 7.647860732023181 8.232614994513803 10.13386033384101 13.67241740024514 13.11496932788039 11.32132558357526 6.746444296638443 13.34269593873217 10.14334308804175 3.970003672136168 8.467719972611706 7.933930634629277 6.609353251995953 4.172262344458833 8.112755062210994 8.038193700238994 11.1077433870669 9.235850452374706 3.437115839080394


# name: DatP
# type: matrix
# rows: 50
# columns: 10
 2.070041556272122 0.9319733586131154 1.953198963984006 -0.9132398070999473 3.980038851187158 -0.9958533221020474 1.048028568065422 0.9004069894987011 1.926963567922302 0.02900828860428557
 -1.0127123436894 -4.932542200730697 -0.0440944744379764 1.954211261636541 -3.059448709049182 0.02426411362824439 2.922441540537796 -2.935215193762113 -2.014485914277203 -0.8078985908477682
 5.006818103908181 1.045980485543499 4.03074279478737 -4.089549837384573 -1.939626402621954 0.01900127159940357 -6.091301697179831 1.994026195852117 -0.9560004269647365 -5.064464443309377
 -1.061340220260069 -0.9160949157317586 -0.04677845443659683 0.9250422843491265 -0.004560737462177507 0.03585073958088401 0.03544850668985418 0.05749126721276733 -0.005258998065674928 0.1541402862601612
 2.991594358401284 -2.982068030701778 0.004162132742380899 1.996215184456473 2.00377362182637 -0.9263499313617899 -0.06991135812732749 -1.018786457306827 0.9938975980561527 1.05719372472239
 -2.97190121889319 1.007951454234834 -0.04977360125272617 0.1669393706146003 0.04323643541767143 6.969258312006138 0.1556386813939937 0.9852308876867042 1.02277004630191 2.039152903136611
 1.076171724757899 0.9940466847035307 2.023742808444 -0.9912445252664196 -0.04970281475347287 -0.9981136426866732 0.05665206068951078 2.032375955966007 -1.940289235310761 -1.930629815626519
 -0.08377203518000401 0.9098410456377504 0.04549302128840261 1.015072401888002 0.1144597975289323 -0.1431752402820194 -0.08053773606343964 -0.1272182373143562 0.09183791590891775 0.005597278123280087
 -1.003677768192972 -1.020646051303101 0.9879820479882798 -1.968324546223016 0.9554860932795745 1.964031174294922 0.01743967173724049 1.939609276892725 -3.908609980882114 1.020263316119333
 -0.9950447650288686 -3.980130936428015 -2.264621761658201e-09 4.921408855422339 3.020526181122538 3.159155526550522 4.806548573549684 0.995044770282604 -8.126635799321777 -3.840056280222428
 -2.975359635085399 2.091969644200073 -0.9325568908846229 -1.863058274222725 4.962524860771646 -1.968634300927407 2.044924122995672 4.018149303361149 -1.906709938073025 -2.001566535461214
 -0.9522395881379617 -0.9402431975411448 0.9540976283421568 -0.9357931034226289 0.009184535126860387 -0.9579202572966278 -0.02078732382848595 0.9461370042271463 0.9505407664553621 0.9583095969867357
 1.987301359644569 -3.829021796418295 -3.969417609814978 4.952473972071225 -4.01933281866755 2.02694133912395 -6.898243100868942 2.956329244463026 -1.070533558911071 1.106305576748902
 1.97968700211685 -0.0540529229433386 -1.921682680371152 -2.03568896087906 0.9510699349365133 -1.937102226847486 0.9794362675156173 0.9301892675632888 0.1071659967131876 0.02918609874343477
 2.968644263073892 0.906906482293914 1.94528043002845 4.031528980116008 -0.5013551512779834 -1.010082398122885 3.012151222168302 -2.003940779599971 -0.9528132176536594 -1.953175026265054
 1.927253357940903 -2.014435765640926 3.010219313789655 0.002351472888554233 -2.922427548614396 0.01845880129583102 -1.95779767710488 -1.970827312141559 1.037063989027615 -2.004096684400849
 -3.974651564400382 -2.107068382010525 -3.054436745877831 -6.92241770856288 1.023578397897184 1.037546654136124 -3.986023640828954 -0.1716735830062201 7.031776187567649 -0.9218605201367068
 -1.026045677108464 -2.180960436165975 -1.125684514231442 -2.01565933867154 1.936466526605781 0.9777322089092844 0.0517980677769425 3.088991663766404 0.0476682289757798 -4.028984215503299
 0.9116417006878337 6.979649872651237 -4.991315025871723 -6.979094634560047 -3.997691338995179 0.9965147922356684 4.973457831839229 -3.975368668000594 3.006098397090526 5.991796967848014
 0.7682289022128335 0.9945768809474448 3.010535806253149 -1.01990531383902 3.11421973495808 -0.9945768876334519 -5.028331951811257 7.964246016095434 5.008219357996906 -0.03711137451329036
 1.027454611808179 -0.02897191531206713 1.95854514406496 -0.9302121959978517 -1.026792639183902 0.9757087690838938 -0.9958049835907514 1.903143082006953 -0.914758377841024 0.009341208378385759
 1.939366621723223 0.9863464520846547 -1.982726469542878 -0.001766798001389001 -2.986461853681567 9.953865501451698 4.975916323108716 3.993226563415066 1.037332002178668 -3.988794088621397
 -0.04395589129454443 -0.9279563231584793 -0.8292054856349281 -4.853437300650485 0.141501287577289 1.006329482342951 2.935943531117878 1.036734167130872 0.9854880991330899 0.02422450576987316
 -0.8941507626125139 0.9426391578543075 -1.614934370421031 -2.896781919295546 -1.062410268020552 -0.8434435123314628 0.7791624016187969 2.02123657580994 -2.020715385954421 0.03046971498369987
 -2.018278131692793 1.043091859631745 -0.01420335811665577 -0.0180177839928808 -1.131227062745818 0.04850219724124274 0.03058902556668451 -0.1140187325688111 0.08248124304406716 1.018795367796224
 3.868466504726741 -0.02968686287768149 2.047632240358021 0.906797925472781 2.008707181740094 -0.8153272580834481 0.9251158925065314 0.9394855437510224 -2.911879575486349 0.8528921287287976
 -0.03516444315705449 2.873553773527274 2.011541547268306 1.991443034926071 1.976071015565132 -1.01487783397749 -0.06644058958205659 -0.03508532582843074 -2.961445321417226 -3.996826232216168
 -3.007861576245217 -0.9797569226773509 -4.983842025998292 -5.985686865470261 2.022400547632691 -3.970436558899451 11.97778881934727 -3.978456340803032 6.991383607540237 -1.028657323468273
 -0.9171273771558835 1.014601170746078 -2.027388825756651 -1.073128549032567 -3.067242734537589 -1.942061335230629 -3.021427995152336 -0.9729417625518443 0.9562072842521839 4.051568519759827
 -1.908544974453606 -2.076879527889398 -5.020012414148888 1.985295676214635 4.111569579727508 -2.953867601795203 2.950272713496031 -0.7871455386521625 -1.087764685113472 -0.06752085365618661
 2.996506810752583 -1.972304123234518 -1.002272125480693 1.034009806743322 -1.075504446588257 -1.000817865899042 6.898246762767399 -6.984973418876255 1.983865942533646 -0.02794838473191347
 -1.08197794792742 -4.053108071311417 -5.088046979507265 -1.098950993329035 0.8974707767944353 -1.068654157379815 0.9711833373374327 -1.010387254504575 -2.038647787309709 -1.012942349992931
 5.108619675071404 1.150970459033734 -2.94744186367217 -1.219693583807309 2.953309630935464 -0.1211714848857874 2.021589881480114 -2.046066528224775 2.076087568396855 -0.9730583931863678
 0.02393128621801282 0.02719248515008875 -4.977708353487671 0.03674574821155726 0.06907981685144117 -2.976723614339133 -2.974860851001909 0.9767038315908779 7.956565579051616 3.974925022293409
