# Created by Octave 4.2.2, Tue Mar 19 17:24:43 2019 -05 <ubuntu@algoritmosb>
# name: DatK
# type: matrix
# rows: 1
# columns: 50
 2000 2000 2000 2000 2000 2000 2000 2000 2000 2000 2000 2000 2000 2000 2000 2000 2000 2000 2000 2000 2000 2000 2000 2000 2000 2000 2000 2000 2000 2000 2000 2000 2000 2000 2000 2000 2000 2000 2000 2000 2000 2000 2000 2000 2000 2000 2000 2000 2000 2000


# name: DatF
# type: matrix
# rows: 1
# columns: 50
 3.340009961682516 3.148917156126267 2.862138599181383 0.7982547921322711 0.9820652591055858 1.281639783717905 3.763471890395905 0.5149786878236606 0.6831342439278043 2.189217911778793 1.847163486796034 2.626757959008614 0.7646852990005004 1.887282172685741 1.617892831834624 2.801460769995983 1.685548861773621 1.383608411193491 3.989760688545033 0.7185258754796698 4.408888707528776 2.601176040975694 1.316278279948521 0.9382718750588959 1.554961541890774 2.533364699947895 1.646228071194931 2.178298154789058 1.587716987117838 1.076517608802914 1.832055143077225 2.043619443181219 0.3148801866597511 0.4887491789166303 1.469771886958917 1.076344716522775 0.6462438102636735 0.6625555294058412 1.067036980137518 1.230906642633907 0.6425444967964239 0.6265084641374361 0.8105360193999114 2.240325882235544 3.076695824841393 1.502410295118917 2.928308826429386 1.079938675943427 1.102728576309906 1.010106731939543


# name: DatP
# type: matrix
# rows: 50
# columns: 10
 3.775494732421066 -0.1617994769494893 1.287341577317928 0.4817753041747853 1.067827048452769 0.0240470795012485 1.085858842306155 -4.246431933324714 1.392008289460525 1.634959622143507
 0.8982381134326141 3.645297703912214 0.9825773926103188 -4.255806191921296 0.9766100969727884 0.8277092510655355 1.186594331496691 3.679948178847358 3.725411672824555 0.9203767463293454
 1.218479732070678 1.071249336914078 1.005627594042213 3.492011504118855 -4.196965468145744 -0.3319002778461157 1.140615437751534 1.209041109823526 -0.2296136092281597 3.11608347213324
 1.052268485945559 0.8733236250251958 0.9766797083052934 1.057155394570734 3.669813685680086 -0.6131892441092663 0.9014271442939882 1.118003933765844 0.882501782626281 1.600339765017432
 0.9513963251137727 1.180546753305746 0.2393633102878754 0.8912935359764655 3.636799723057097 0.9813467313177177 1.344503135807925 0.3153017615300727 1.051586559610366 2.969918401620142
 0.9007372674156926 1.727721390137111 -0.4144420327678394 0.958390829549977 1.135538245376357 0.8426945147940501 0.06328497498857803 -0.478890816142698 3.719774515933457 0.550108391724097
 3.726793735868405 1.633569531852295 -0.2858453495446895 -0.351132285765562 0.9379860562581245 -4.162119771278664 -0.252630725440427 -0.4269380817649823 1.197971659006167 1.575302484010146
 0.9343331538740792 0.9778504228649657 0.8724068456593623 1.379450354190892 1.083867633025674 -0.4495889233793258 1.124103945510402 -0.250070111445291 0.9227348241040744 -0.06383386247884763
 0.8605637160074562 1.004216765844968 0.973707831979416 0.8747349821209437 3.61408753496136 -0.2749985607644617 1.147199743482722 0.8295033332794612 0.5224442195840795 1.27454983513336
 1.196307676468719 0.8225947349304166 3.740088355467996 0.006050776877735961 1.402783078680482 -0.8557242206400535 3.648531401120893 -0.5585821346320211 -0.4051932466758433 1.360193519438109
 1.058726156927536 0.9850939614441858 3.522265727832878 -0.5067545248694419 -0.3355760965613399 1.213267861996513 3.49330205049193 -0.7145829656881496 0.9297212327601745 0.1089016874517841
 1.247816275456815 3.794321701486052 -0.3935609126421598 -0.4044716462687022 1.410814606500602 -0.3119831735195242 3.804244986651026 1.06312020714146 1.173049337603188 -3.054253270579704
 1.081324801327491 -0.1893628278438736 1.066127122283077 0.4731408767953886 -0.1764271312784057 -0.237064133373302 1.007694779960744 -0.05254717758219456 -0.0774771457627004 2.839775326288507
 3.780995935863444 0.8456867277484562 0.7872858149461104 1.0857111788764 -0.2546013584695879 -0.3742287581121964 -0.3870856436002822 1.006725193547479 -0.1603781036779997 -0.9970521678470421
 0.9378778461230423 0.7019512171813891 1.125631068316615 3.548212850598197 1.426808177176034 1.258172095321918 -0.3283008990229317 -0.3741750323399798 3.585194652453947 -0.7879674005185092
 0.9915356398380916 -0.09270998902037283 0.8222385413003155 -0.2022425348602526 3.690414791014321 1.113137673674131 -0.1883947751520622 -4.241553982681602 -0.02532209911741817 -0.9061498951130688
 1.345550780918188 -0.4704607063676922 -0.7110335905441436 1.086352056240788 3.727871224016916 0.9819275265709185 -0.2684686021747304 0.9096006063761126 -0.7103934848880068 1.431027677643773
 0.5193693732279897 1.284203388384829 1.533423892692914 -0.1542311105375899 -0.6032119688426056 -0.4828865194500017 -0.310560586184215 1.198390167304307 0.7216106628485129 -1.007003177603562
 0.9211421349741203 1.1387552933435 3.673818438709798 -4.246504631208452 -0.0008311280361160307 3.627815328727959 3.656193689365447 3.707430581903168 1.38024821123654 2.924249592879987
 0.9439503941679156 -0.2158020944087409 0.9352482737429504 0.5445320433058286 1.137797395966039 -0.04528220082780347 1.010597193766671 1.079701610154318 3.656795770120945 0.8922442763361559
 0.1365494743994555 -0.5791929153034193 -0.602335620475301 0.7305553043913529 1.171809655172803 -4.260175065269002 1.665936067897307 3.790469915034794 3.612203923063442 -1.265068865532525
 1.011967915211138 -0.2179320259341543 -0.2746260655145965 -0.315041403007758 3.677960268269158 0.4944534420177975 -4.222376323988937 1.162653366880321 0.776676796780023 0.6998733107138913
 0.9891661746073571 3.718524769987518 1.253635063664857 -0.2954452812200618 1.226044955600855 3.719458133906127 0.02759515691617725 1.031870231518366 -0.2927836437737359 0.5267728639514628
 0.7566534583155442 3.723985149862016 0.4825348007729967 1.114610431524871 0.2876597685658335 -0.2716468919394068 1.198019652107069 1.004022539715371 -0.288925906899099 1.483568484962749
 1.022980847874547 -0.3619593503397511 -0.2869512348400611 3.713152848592769 3.736145427014789 1.287040114636349 1.503065739066777 -0.2720988071623661 0.423680977079392 1.187751366904179
 0.8055223364786059 1.450700153406958 0.9690853943396163 -0.5390711615424933 0.8662783884225784 1.283210163544836 -4.223307673887833 1.394695550685904 -0.5139271717421153 0.24793844776788
 0.9488345002434416 1.206234808530135 -0.1767347381276556 3.685208956286558 3.636372074465424 -0.2087576260092467 3.691322937463545 1.021634936659534 0.8455762920745522 1.698631040325896
 0.9969058033625078 -0.1635458016962232 -0.288243066265933 0.8819379424718576 1.075481584875739 -0.3131236974781841 0.3710920378228773 -4.24809898491606 0.9382443832251942 0.3119123807216119
 1.075087870999987 -0.5091198898195161 0.8949342247387297 3.461661424037842 0.9318529908476412 3.74563475013447 1.038743733150242 1.120839444329193 1.258969124902412 -1.181521254392682
 0.7842722990666188 -0.2798151176219564 -0.2664870328947756 1.347871568863686 -0.1066415338260527 -0.2095466736252247 1.082665279221694 3.641000587156245 -0.2865195545500018 0.7698755026277844
 0.8661044393520898 -0.2431318905687714 0.5912072216094993 -0.2774381285184969 3.536093813080238 -0.3506858159564763 0.7234586838607672 -0.5332664266383562 3.668112533094095 -1.043993798071018
 0.9787314325210791 0.1202150611299753 1.174205963530308 -0.06676312004508472 0.02294177955030767 0.8815439903630087 0.821773384426427 -4.243135754084048 0.963658822352126 0.7809688062256661
 1.072943441158476 -0.163840808308532 1.086849341164298 0.9543525403746261 -0.1838552766737886 1.108707088211788 0.8958498588381675 1.054142230984473 -0.2729444890621725 0.7045240121993659
 1.022716403321102 0.979721545302258 -0.2657789799143241 -0.1008206600150995 1.001041873257279 1.004872694349841 -0.2402713884300183 0.09146562864992472 -0.2292137929598479 0.6042077352351858
