# Created by Octave 4.2.2, Tue Mar 19 18:19:02 2019 -05 <ubuntu@algoritmosb>
# name: DatK
# type: matrix
# rows: 1
# columns: 50
 2000 2000 2000 2000 2000 2000 2000 2000 2000 2000 2000 2000 2000 2000 2000 2000 2000 2000 2000 2000 2000 2000 2000 2000 2000 2000 2000 2000 2000 2000 2000 2000 2000 2000 2000 2000 2000 2000 2000 2000 2000 2000 2000 2000 2000 2000 2000 2000 2000 2000


# name: DatF
# type: matrix
# rows: 1
# columns: 50
 0.1335760577616831 0.1197175656508501 0.08862479762039177 0.09838384046251336 0.2822992680693891 0.2535112626299858 0.03689428135737394 0.1497584362385104 0 0.4191522516772475 0.06885625096019854 0.2355880799060794 0.01986275559825268 0.09842804424707474 0.2929348810666015 0.4311869124080416 0.2795180579886143 0.1361900823349003 0.03447470130394381 0.06393848135535074 0.1181032916720544 0.03694578221382394 0.109503699306689 0.02951046850068706 0.08611436245632353 0.1348171266734288 0.04915885073586179 0.2881197514326241 0.270936755149072 0.3140305879520573 0.01231607251926148 0.02215614366871532 0.5454131462209015 0.137805522145638 0.1279753060521186 0.2203831995042881 0.06641940094002829 0.04671477096458776 0.1101658090401338 0.127911346716334 0.06889306549981045 0.3617164895219709 0.1394116119430944 0.1033353443559288 0.2750672813563962 0.2156565575923248 0.2178388753417396 0.06068608977447887 0.103289159103808 0.06400235978305391


# name: DatP
# type: matrix
# rows: 50
# columns: 10
 -3.27666314995241 4.438084166731728 5.091889792648342 -6.269627123652047 0.3181320795783785 7.670418320954049 -5.996112915636361e-09 -8.847501836213306 7.109658287098941e-09 -0.8681347099548419
 3.190360277006559 -0.1959044598087161 5.371453194772984 12.54045245725184 0.4030548866692119 7.78721394280178e-09 -8.058274369131693 0.04694261520281628 9.381154156420893 1.220784818711178e-08
 -9.420067012705168 8.876887326814863 5.433246647901186 -4.953592817908029e-09 4.283497892503248e-09 7.350231527247725e-09 -8.282878143390512 -1.938876233932082e-09 -9.382550755355323 -1.159606475792569e-08
 -6.280044326702509 -6.82810853841729e-09 5.433245736403012 -6.270640301367561 -7.007291408318527 -7.672275675044414 1.75456391821059e-08 -8.850355286784287 4.035333650896167e-09 9.885151166923665
 2.625046769706771 4.617247847331985 5.911489308281336 -0.08331206131407765 7.241665820803382 -7.411672062126593e-09 1.526978586719252e-08 8.840665632843876 -8.457581087923108 -6.421288904025755e-09
 -3.139626184272327 3.808177908459248 -5.431192872024948 6.267483289230761 -5.979121872565123 4.30427647932025e-09 1.334872355304718e-08 -8.841467271889037 0.3607141782228727 1.733565065091772e-08
 -3.140022455676579 -4.438443987187072 -5.433247341039317 2.092645888038783e-08 1.983108675267656e-08 4.889052311372301e-09 -1.186432877641581e-08 -7.965906214140818e-09 9.382554330722444 6.665281021286146e-09
 0.3237860151691239 -4.204490635787757e-09 -5.150588233185049 -1.336920946986192e-08 0.6496479142360473 1.683967699677479e-08 -1.466464809760174e-08 0.07556863507822853 -8.808712582959533 -7.928841992244795e-09
 4.483865779732015e-09 -7.372635913396206e-09 1.519077924985268e-09 -4.708166735719638e-09 -2.080342674246126e-08 -1.296116251026325e-09 -2.317503895353796e-09 -1.168101320912081e-08 -2.143706695829746e-08 2.204390270350246e-08
 6.678045810886213 -5.103590943095228 -5.872231137914231 -6.692978749931683 14.00149807494738 1.184425770934679e-09 -8.193794167378469 8.837157548580798 -9.624192440714843 1.163113185089829
 -6.280044567449514 -4.438443486998745 -1.178210362764766e-08 -6.27064129359012 -6.9710387287322e-09 2.622354579479414e-09 -6.959580374643375e-09 -8.850358139266721 2.52607491006754e-08 9.885155140013831
 -15.6993729775146 -4.438026086118071 -5.650138367219562 6.269463234323163 -6.759284759090366 -7.757562896788342 -9.195482801624205 8.341793365768048 -6.673514948611318e-09 7.86856902189707e-09
 -3.140006773456755 -0.2001227563068185 -5.433166023161839 7.320530175010783e-09 -1.209570031340467e-08 3.949186502552676e-09 1.830037164157651e-08 2.64544981652611e-08 -4.471629597351677e-10 -9.818105164365006e-09
 6.2800444520567 4.438443326814291 10.86649257351974 -1.219043543718265e-08 -7.007292187035374 -4.116200391814134e-10 8.282876236675405 1.049994112224222e-08 -2.832189444536355e-08 -9.885153322984481
 -3.139658848782257 4.920119782851987 5.650455911945787 -6.536662727971025 6.319541316885601 -0.3970358543279933 9.191268126232137 0.4839274053316458 9.37282624419286 9.87378036487025
 -2.62198447552252 4.436146264938735 0.2029343265443314 12.74281804408731 0.447518715075626 0.4366770960136683 -8.267932067932785 -1.276234053687741e-08 -1.95333520841951 9.859737332176563
 0.04474203850711689 -9.4056398577354 0.5712855055969889 6.187780355747588 -0.5589636352869274 -9.827867479000202e-09 0.6426953390297392 7.856680866231182 0.3864309444600826 -2.443303319342487e-08
 3.139908837982879 -0.5198764510365682 5.379135759962983 -6.269736592022878 -7.006029784347028 -7.670618988423672 6.648937421162947e-09 8.509806097487587e-09 -9.379512400358697 -1.0924146237438e-09
 6.280045083227575 1.117893723580425e-08 1.330682456602162e-08 6.270643327340768 8.786778173754577e-09 -7.672281231129247 -6.065162331651787e-09 -1.014506497042315e-08 -2.178136179855069e-08 5.305885829196337e-10
 1.391130703401366e-08 -2.343370499631607e-09 1.612220127473571e-08 -2.033545256851171e-09 7.007293120859415 7.672277898745665 -8.282877803925256 8.850358742576327 -2.325536479250197e-08 -4.98604274429463e-10
 3.14002212451447 8.876886163808859 5.988782848582803e-09 -12.54128107333919 7.007291069039693 1.644722443618448e-08 -2.526263766663195e-08 -8.850354576962165 -5.034441745200297e-09 9.885150190294988
 -3.14002254270323 8.876888524913408 1.316464824711836e-09 4.659432285857682e-09 -1.90531834741056e-08 7.672281319312909 1.167038169305747e-08 -6.602877447861388e-09 -1.138303687415125e-08 -3.931384751267199e-09
 6.279892014554095 0.3765571045565053 5.432850840229719 5.9801167625614 0.0342230842647977 -8.32551931705412e-10 -8.281473336337417 8.848644637100859 2.054229015305637e-09 4.659191078266877e-09
 -7.919259536648323e-09 2.309358059194958e-09 -1.107092125276384e-08 6.270642960211141 1.738186300343415e-08 -1.615256823136402e-08 -8.9977283342958e-09 8.850362799208289 -2.019622565526327e-09 -9.52740075609881e-09
 -6.280044525060556 -4.438443435054869 -5.433246299226521 6.270641128246584 -1.416036800632589e-08 7.672277214706056 -8.282876900079644 -7.844330846538869e-09 -9.382548980209949 -2.75777340099427e-08
 3.139920677987675 -8.87631289906585 -0.111607118823045 -1.820168198682044e-08 -7.006161549936538 -7.670792012109783 0.229413868210993 0.9086507473759085 0.2797590433954946 9.881972460832396
 -3.140022354403808 4.438443670526571 -1.014736321359205e-08 3.145720083700111e-09 1.146216281652888e-08 -1.738465426085386e-08 -8.282878503091865 9.913218857627911e-09 -2.342250891768745e-08 9.885157195060872
 12.89292103852795 4.437833627570045 5.800271538702077 1.874472175756178e-08 7.004889984379602 0.7473826759332064 -0.2369163261888392 -17.69103853878484 9.264835239511122 2.443079114010423e-08
 -6.164157051356244 4.437184630126676 -4.317517366254378 6.267088961163108 1.305565853914198e-08 -3.470987783549965e-09 -6.710884736590325e-09 -0.3942191607362549 9.094451836779388 -2.423847046650897e-08
 -3.139420025592613 -0.1998556825800306 -0.2298663372171383 -5.541401682657409 -6.873861898199603 7.413834512109951 1.583766313391304 -0.1022984615372849 -4.961999221923598e-09 -0.8343003660324557
 3.140022609658072 1.441558412633015e-09 4.754682404265052e-09 -6.270643917904519 -2.056044490105084e-08 -1.07998873641904e-08 -2.477300275258509e-10 -1.373962163101257e-08 -3.193275203521802e-09 7.30724650029277e-09
 8.773123834334333e-09 -8.93926162551818e-09 9.675552806132929e-09 -6.270643549802196 7.00729597273801 -4.246655873639418e-09 -1.828882911966603e-08 -3.008242331694219e-09 -9.764514447816346e-09 -1.098955681650659e-08
