# Created by Octave 4.2.2, Tue Mar 19 18:59:57 2019 -05 <ubuntu@algoritmosb>
# name: DatK
# type: matrix
# rows: 1
# columns: 50
 2000 2000 2000 2000 2000 2000 2000 2000 2000 2000 2000 2000 2000 2000 2000 2000 2000 2000 2000 2000 2000 2000 2000 2000 2000 2000 2000 2000 2000 2000 2000 2000 2000 2000 2000 2000 2000 2000 2000 2000 2000 2000 2000 2000 2000 2000 2000 2000 2000 2000


# name: DatF
# type: matrix
# rows: 1
# columns: 50
 7.359158101922215 16.64057907102313 11.80094509069742 13.26210735158768 22.93618568001114 12.29598888989989 14.67873624396905 11.42040145073399 20.72817269420876 10.95145193546336 13.50195508622598 20.55766526937438 16.60617262082009 16.63775895513886 17.18572735260803 21.94681898534959 8.665935904624225 17.15516316404161 15.16361054227792 21.09698720032767 14.25460713615088 23.26678755735422 23.4241991718653 14.55619259378226 11.82160318341101 22.17942584808175 16.99370203038749 15.58642667550449 16.35598322312214 14.85332726056993 18.46459766056589 9.872943975476504 16.97374530846468 10.87532863575248 14.63983106855998 17.74831736362126 10.41463171218837 16.67844557173297 27.36662832298866 31.12488253889344 12.20889384715765 12.29338927739187 10.62943998190293 18.11834119148218 18.7153335875018 15.61905765691828 18.03063392244501 19.56974903068669 17.3938240416206 22.81329263236919


# name: DatP
# type: matrix
# rows: 50
# columns: 10
 3.136761195874222 -2.582628106889364e-07 2.241132362533593e-06 -0.0074400755990504 0.0013844589004211 -3.106370355168034 -0.5144504605440113 -0.1097514998149631 0.1123705467899545 0.5116381759050869
 -2.832859673216465e-05 -2.208849933026924e-05 -14.05539466271184 0.4968392091453924 0.1572098215788448 -0.01610436351591811 -0.7515750113236784 3.024324653321773 4.075461845029204 8.649847019340259
 -16.25088771753893 4.418011474857531 -2.42652256046288 -4.775518390497051e-07 -9.118100865521818e-06 0.1597022949145887 -0.7280191153310377 -0.1467171327688628 -0.05907900256612621 1.840985280313057
 0.5163161056986884 6.243225775436542 1.023304606149029 0.006684433875433602 -2.452042802585345 1.85445958039472 -0.1893666343399389 0.3081464636751338 -0.1918007141231919 -1.374411217603951
 -0.7280265148222487 -0.1617047084497347 4.612389502623491e-09 -3.114235773874493 -7.250435124334567 -3.016288396022663 2.382413681845611 -9.678826386135546 2.586254283819332 -7.347019341322106
 -9.532791636691218 -0.663903753743934 1.284656249961238 0.3431899600900793 0.1436741447840728 0.05694708924229181 2.060267281982823e-08 2.243901230713983e-08 1.823727427719647 -13.91644179396614
 -0.7867038692789715 -0.6540071559674602 -1.282223905469112 -0.04758809407825601 -0.04416278147799081 -0.7447242796291635 1.129382282553334 -0.9067537479439776 6.216272484302716 -15.7287493297009
 1.850341046565046 0.05667511817177693 -0.004326669439928573 -0.05716217853832497 0.1472663439436686 -1.022005373880309 -4.9772634611645 0.2434490370178701 -0.01756490638869344 9.535499001719979
 0.4061877257681932 0.9902921127006241 14.05789836932055 2.780245678505455 -4.074843579704845 -0.1543513078187413 -1.288220847599515 -1.972240248414666 -1.12137684771858 1.467330324481855
 -14.02959676971974 0.7294334095473515 0.03363888205421854 0.0451271684717636 -0.142783606444357 0.08708780369396324 0.3478931151828645 0.4059556429483246 0.3242423600080309 9.537918187612553
 -5.038289589131857 -0.2208416761158246 0.1006645029968362 0.1204289923212287 -3.127357519728893 0.04098416661218039 0.08832653808675439 -0.03966302339117671 -7.792600030149346 8.620310133720578
 13.27181738142724 14.63350089693737 0.3979651067929229 -0.2148648661359568 -0.1588485185867825 -0.329891835983682 0.1371540486603426 -4.854749183430931 -0.278184822019546 -2.418883349675654
 13.0968840243674 4.860508165096465 6.031849041762039 -1.860236886784294 1.642781569861235 0.8328879102714796 0.6077970568509903 -0.8469815406351541 -1.084243108306072 0.8959111846342888
 -1.319104562321371 -0.4504512933772432 0.6397877170576485 3.069631291402893 3.906979374418893 1.038320296866611 6.17866013268404 1.380592593024263 0.1823481264343129 3.996953281566541
 0.1609768347921683 -0.1828344243186024 -0.4933254967271131 -1.300527411205504 9.320185763964043 -2.95480986245984 0.9645907139293421 -1.005815504907468 -6.276871280463019 0.027565886930918
 5.666615552371294 5.077287594049223 0.3522156475176393 0.09721042083321098 0.4953385434373206 -4.074229140594307 6.656539257154304 -3.824648968209384 10.9437255312119 8.780569765863184
 0.8192652526227138 -5.005460636705459 0.05164282229245479 -0.02580697023497969 1.84538371417892 0.09601797831595502 1.365047860243637e-09 8.525148414470351e-10 -8.248919735482075e-09 0.7386208151351754
 13.79902043600739 2.426814738319281 -0.2033800489810506 -3.997060721721322 0.09775767142519248 -0.5304502662623972 -0.8007605386161958 0.1164665108193025 -0.3418675810918253 -14.04892467322968
 -23.65482469530006 2.382164916339404 -0.4389919126811183 0.592765801831219 -0.8304516230041799 -3.088602688588067 -0.1700551451965864 0.3204288460930717 -1.353476215772554 1.249624121094499
 14.08356078201556 0.3615703634795328 0.1062813508521168 -7.706900965061709 -0.5634445040346117 -1.384468983108119 0.2829965435179864 1.606336693266145 -3.654694530825324 11.03461292130947
 -0.01335180809336136 -0.05692714013152959 0.004146206886065299 1.018779518567904 -2.302647999559339 0.5872285200256676 0.4575894518426032 1.299107223796696 11.48947889759004 -8.009479060041217
 -10.84097281953403 -8.857086286224542 3.561533834853439 -1.831537656364951 0.2273846185892083 -9.651644770818459 6.227066664994058 1.214130680671098 -2.089185227100252 -4.584804868556713
 3.852469454553793 6.773744165897653 12.43407394043008 -6.186137233101657 1.22370836484589 4.872994204271341 -3.938258252166707 -1.090429956846443 -0.8357987343300861 -5.016297753948121
 -0.1014239444388039 -0.1167933756147959 0.1196284653919901 -0.1950815109202107 0.6941346455018624 -0.281930284808196 3.962604078018594 9.00180012617477 2.332942834344285 -3.249892255760927
 -8.139247958220743 11.558313529905 0.06682529023552428 0.07330802664097974 1.025977377165904 -0.09707490128422598 -1.598520159118149e-06 1.841677264403004e-06 -0.5333625339353013 1.287617981725211
 -0.494149947496381 0.2378974816101417 1.008313870493768 4.869878223398441 -1.367581469465324 -1.161003859805967 2.090698169241294 -0.878738739333405 19.38750493401509 -5.338751614226536
 -2.597169097033864 5.612558219806815 3.028041062444082 -0.4120945554185453 1.801144712771078 2.520620219844344 -3.163508647958585 3.955361099496868 -0.01218177420682268 -0.09745222568458507
 -1.833712005935966 -0.1650584989879688 -0.5002315289204331 -1.266755521395167 -0.624607062788107 2.321656182674968 3.307209347479259 -5.191328201520198 -3.716550183595353 1.298351895107833
 7.767777033547517 -0.4938012778072162 -0.1705098618644832 0.7220560970555013 0.2185648843658924 3.19875371874397 -9.018068997215364 -3.145432582755472 -0.2451150495705885 1.358819861281377
 5.026962162823011 0.3968889221277682 0.3495259806250575 0.666843752430888 -5.108270171619605 5.536558844550826 -3.089066890711696 -0.03157628079815772 0.0002591091806335684 -0.3598828705392624
 1.046970393107395 -0.760249839996141 3.855799885709335 3.095485381622166 -0.5908284341938412 -3.049594412624548 -0.7944066417063089 1.658165262032544 -5.880682532754503 -2.52544353430029
 -1.826293861738464 -0.2480327319594595 -0.2308940760475507 0.1042270454846019 0.2228467888179337 0.1237800758780235 0.5027566554586658 2.374561477600271 0.1788284973252954 5.045845143975318
 -13.92690309479824 -1.003085030151948 0.1959030408793186 -0.4848698128109969 0.5940318288054177 -9.451724077932001 -1.606327339291533 0.9775382986151371 -1.608083549138957 0.8349410063931002
 2.923178030079892 1.12591321976389 3.841258620698775 3.156972157890957 -0.09636949109015266 -0.01343571076458506 -0.009594371431704718 -0.2401782912333009 0.6967639838275532 -1.187694841330781
