# Created by Octave 4.2.2, Tue Mar 19 18:36:03 2019 -05 <ubuntu@algoritmosb>
# name: DatK
# type: matrix
# rows: 1
# columns: 50
 2000 2000 2000 2000 2000 2000 2000 2000 2000 2000 2000 2000 2000 2000 2000 2000 2000 2000 2000 2000 2000 2000 2000 2000 2000 2000 2000 2000 2000 2000 2000 2000 2000 2000 2000 2000 2000 2000 2000 2000 2000 2000 2000 2000 2000 2000 2000 2000 2000 2000


# name: DatF
# type: matrix
# rows: 1
# columns: 50
 6.964708361833958 15.48568332971222 8.954621438201464 19.90555340537276 6.777608450255717 11.91481656585185 5.079180802519877 8.277061006390234 14.22327904368756 8.071108770392996 7.111439430295825 9.809806923478625 8.2884868700535 17.10382592941903 5.969754342559742 8.571250869720592 12.10748318953393 6.964708361833956 5.854407065162681 11.88476749464921 6.982513833738533 8.297415624585378 9.759733758048352 22.1885504662192 3.979836228373161 5.026712545167912 6.745463602762957 2.984877171279871 5.73963213862044 20.84308311805803 5.929227952019625 9.813278102297891 7.147944446492655 7.585292737070744 4.295404740649978 6.811495129931117 12.90685224766413 5.157917258009853 3.979836228373159 6.869984383570289 6.310862822352301 8.375162649615142 5.665316620297437 7.055028587785238 3.979836228373161 6.057750240831433 14.15231725161119 15.32250102959663 10.41346831234482 10.11172828160151


# name: DatP
# type: matrix
# rows: 50
# columns: 10
 1.206538781845005e-09 -7.513848323831197e-10 6.0284631255923e-10 -0.9949586361202511 0.9949586370187745 -3.78982831834827e-10 -0.9949586368081647 1.989912232694822 5.39276292821363e-10 -3.056385308797734e-11
 -7.509489353735778e-10 -8.588228572577586e-10 1.9899122343826 0.9949586376848253 -0.9949586380687371 1.978754796075056 -0.1371891933036326 -1.741275634044239e-10 0.9949586390924852 -0.9871507877114452
 1.040592859221596e-09 1.061057736663614e-09 -1.401741997413141e-09 1.989912234573332 2.483291630817613e-10 1.989912234235777 -5.602306083502367e-10 -3.663411013813339e-10 -1.491274314344413e-09 -0.99495863721978
 -1.860763512311125e-09 -1.078371938219879 -0.1476446380562193 1.118713694569415 0.09727819938393401 1.676478016967543e-09 -0.9760193808587301 -0.130829488044897 0.003896141912576673 -0.8790429521678071
 -0.05186289522554466 0.9949586376500555 0.9949586380132285 -1.007670542770736e-09 -0.994958638424108 0.03804927985167808 2.527490142786797e-10 -0.1247829883045966 8.755467384435484e-10 0.01473677409395524
 1.095961846005924e-09 -1.055087214031804 -0.987811793440907 2.464033158725449e-11 -1.014159192531815 3.943385087604989e-10 2.017053218744048 -0.9949586365970473 -0.001631305462971522 -0.8919195746344234
 0.01501887918218925 0.994958638052325 -1.049258249590991e-10 6.938750381936057e-10 -0.9949586366526227 -0.02252700928978713 0.1007849615920216 -4.244061768158986e-10 0.9949586382596542 -1.072417504720073e-09
 -0.9949586369653638 -1.154508497099e-09 -0.994958636968482 0.9949586369266947 9.791999097822657e-10 5.109071171583751e-10 0.9949586364465884 1.061282476219357e-09 1.104576687963082 -0.994958637081696
 -1.101046452689983 0.09488031492363432 -0.9521409405295889 0.99495863811069 -0.1168342729089304 3.801406401937194e-10 0.9343965433768906 -0.901192486897702 1.638338309972866e-09 8.217855743798531e-10
 0.9949586368682186 -0.03783201176839301 -1.015596799112343e-09 -4.960212491738328e-10 -0.05280099083743917 1.141666517465084e-09 -0.1074660513018679 6.433809328059599e-10 1.064063101157561 -1.070395132352226
 -0.03634783447072354 2.675332938275695e-10 9.134622218430172e-10 0.02470609515261425 1.096464366143343 7.430029089725223e-10 0.9949586365485051 -6.977412905116458e-10 1.090176524344277 2.279614442112554e-10
 -1.044572561661544 -0.9949586374089643 5.00199716447753e-10 -1.001301298850969 2.073165489535598 -0.9949586385322186 -7.772755095776526e-10 -7.404957263227174e-10 -5.241488148419831e-10 6.364832710829636e-10
 1.989912233353773 -1.520651487906332e-09 4.824927541597713e-10 -0.1227449763268087 -1.348527819249526e-09 -0.04882022198769986 0.9949586382672659 1.100127626130048e-09 -1.480531160297567e-09 4.972439243099939e-10
 -0.9949586393909653 -0.9949586377752484 1.839318385395734 -0.02127378215635201 0.994958638514422 1.369041919501586e-09 0.08552341420277867 -0.8803478368197445 -0.9854458642937026 -0.01856639457504466
 -0.9949586368768905 0.9949586374586965 0.9949586379829105 2.234789975431421e-10 -8.110376995694517e-10 -7.581879497258281e-10 0.9949586376051205 -0.9949586370927137 -3.076770247456799e-10 -0.9949586379538536
 -1.978190491574344 -0.947219183561222 0.06568619425285438 9.749081729622746e-10 -0.009081236705749784 -1.075528977224753 -7.45764659672465e-11 9.822748731956569e-10 -4.745684883324058e-10 1.891980209517125e-10
 -0.005969259905615682 1.285680799322763e-09 -0.9949586363524969 2.038207601519798 -0.03636338632436953 0.9949586369759152 -0.09010715070724329 -2.850575074300311e-10 -1.092754336121523 -0.994958638068181
 -4.387334263960992e-10 1.989912233780216 -7.716597498121521e-11 5.205109030004252e-10 -3.938807480939257e-10 -0.9949586369551801 2.53813804800586e-11 -3.778443077105717e-11 0.9949586374817427 -0.9949586372243139
 0.9949586371260681 9.289910493556778e-10 1.835493941611343e-10 1.103123230743336e-09 -0.1145480120178299 -1.636780334933121e-09 -0.9949586385852793 -8.770504222307665e-10 -1.403742235381398e-09 0.08410703929628016
 -0.9629004383882698 -0.1306565506059358 1.914652947157405 -8.429912834312936e-10 -1.021432578911321e-09 0.9949586374957811 -0.05730146842674477 -3.563068241398666e-10 -2.13488563799507e-10 -0.06296567536294528
 -0.9338666774871941 0.994958606412636 1.299616881839122e-07 -1.398265142389731e-07 -0.04617854511529629 0.9746687531914219 -2.732209518488306e-07 -2.928774188431826e-08 0.9317742175261279 0.9949586566159478
 0.08150359965689746 -0.9949586377328453 -1.06355628056131 0.9949586389329572 -1.019063665676834 0.9949586380444232 -4.784657626087982e-10 -5.136256435914564e-10 -5.76077565208157e-10 -0.9949586367596281
 2.424844495366546e-10 -0.9949586372761936 -1.006176349933115e-09 -1.060988812571565e-10 -0.1031524505182171 -0.9851036854819388 -0.9887917954907941 -0.08982329103744288 -0.9949586369547337 -0.1061906989223109
 -0.05879863501884952 -1.019385078146899 -0.9590465351495758 -3.823896738749089e-11 -0.711083414080517 -1.088928899418708 -0.06375926983491825 0.9949586398000264 -6.875726148574095e-10 -1.055847511997932
 -0.994958638016227 -1.173492394782088e-10 -1.639826236426589e-10 -7.930950139977126e-10 -0.9949586367103996 -0.9949586366397157 4.043545941989173e-10 2.025507314961734e-10 3.690079203833423e-10 0.9949586376823204
 1.003072539075604 0.006589216423758898 -0.04091593838637531 0.9690735532500963 0.0553807963541566 2.833567610606663e-10 -0.1008115847455772 3.777973041695832e-10 1.57437478970585e-09 -4.06483936563323e-11
 -0.9949586364959487 7.189995580448964e-10 1.079801086670121 -0.9326821543312681 -1.039084681629608 -1.039865646456391e-09 -4.946096342416196e-10 -0.03356841992194301 1.368566928772766e-09 1.226981573105023e-09
 0.9949586381003422 1.755483885087976e-10 -7.597383170711587e-10 -1.789878742749611e-10 1.253871558205131e-10 -2.134007810634039e-11 3.184267081333033e-10 -0.9949586373025687 1.314687204650106e-10 0.9949586364146549
 -0.06157869734966091 -6.420707345845695e-10 0.9949586371177395 -0.9844588753373166 0.9949586359901614 -3.044161182582344e-10 -2.321134874927951e-10 0.9949586382759009 9.245156636289145e-10 -0.994958637387257
 1.376256419292036e-09 -0.9154862988003881 -0.1288205948238099 0.8870339332095538 0.9947892825382592 1.839039768556422 0.001646156249664507 -1.243752886587424e-09 -0.07449452897785569 -0.917436963438196
 1.203126330896886e-09 -0.9949586377675187 -1.562075438253133e-09 1.037705268518799 -1.043597042834416 0.9858107351263794 2.218385093075122e-10 -5.389896909392012e-10 0.9949586374868579 -0.02353410944424872
