# Created by Octave 4.2.2, Tue Mar 19 17:47:06 2019 -05 <ubuntu@algoritmosb>
# name: DatK
# type: matrix
# rows: 1
# columns: 50
 2000 2000 2000 2000 2000 2000 2000 2000 2000 2000 2000 2000 2000 2000 2000 2000 2000 2000 2000 2000 2000 2000 2000 2000 2000 2000 2000 2000 2000 2000 2000 2000 2000 2000 2000 2000 2000 2000 2000 2000 2000 2000 2000 2000 2000 2000 2000 2000 2000 2000


# name: DatF
# type: matrix
# rows: 1
# columns: 50
 -323.7133790718023 -348.4578872928854 -356.1967571379112 -328.0333199045734 -346.4728501219148 -325.2587761564637 -305.4261470172223 -343.6709263341775 -319.9011451425846 -278.7623674769004 -349.4946827387139 -322.8404863727935 -314.3864748098285 -300.126657813252 -379.1679966792997 -323.9570777688303 -354.861448017598 -319.9052245901003 -283.8028131440163 -314.6290863886823 -277.7478223924399 -317.7535675836428 -286.640187742157 -303.3490516528196 -341.2745669204334 -322.5614730563776 -299.3605658418928 -343.0160275579855 -349.5599294820359 -345.8618356742743 -315.7654519139068 -311.3652773143734 -328.3157821280928 -347.0372349990523 -286.4666171351445 -328.8732952899079 -340.5333851986821 -295.3900168747656 -316.7235331939104 -354.540201258834 -324.8725871480275 -323.0531251372032 -329.1192415138497 -330.167929079553 -361.2769324343039 -361.0442601698843 -334.3295822942047 -276.3643290759093 -283.7257893689489 -333.0025523324295


# name: DatP
# type: matrix
# rows: 50
# columns: 10
 -2.517917881930701 3.076425633136308 1.717780788926937 -2.723347105208411 -2.611167745525743 -2.656783944828252 -3.271511139351186 -2.923958758180888 3.304282456987024 -3.051446743918648
 -1.886065920261914 -2.606953831125855 -3.29600903958594 -3.260021615443211 -2.852822289647541 -2.915218947371479 -2.951269748936633 -3.148654256807109 -2.552927370902836 -1.450578824247558
 2.787102633526961 -2.62848787529831 2.844592479275903 -3.182461181994463 -2.430089766843528 -2.88316997039973 -2.905927964805038 -2.689479733880468 -3.037594184006098 -2.919547969402962
 -2.531223555619581 -2.972106108550002 -2.957185269623106 2.845272768505761 -2.777935677404246 1.478228482912858 2.948217508307789 -3.233994637113534 -3.201442116967688 -2.727899921601755
 -2.13842081301068 2.925540959873753 -2.97834277374562 2.333887195896146 -2.889524427767557 -2.403005090167056 -3.109430696300655 -3.015522286123082 -2.761468994490341 -3.186566454804154
 -2.853773728946835 2.831377110566809 -2.696380080113909 -3.085288603600876 2.688861125548456 -2.849018058248688 -2.803635146479726 -2.92475257344894 -3.079126285356388 0.8427835236713567
 2.405730278899743 2.961724263420349 -2.882958055902219 -3.048165888305293 -3.040549515728866 2.75912795037115 1.897263846695172 -2.937344299298609 -2.813354033432569 2.079023474434071
 2.460385328342123 -2.752743691416177 2.314706294730929 -2.940584613651886 -2.797002912786554 -3.071353327219147 -3.002962108462328 2.806997833877302 -2.922276595232562 -3.118810115448281
 2.73522811580716 -2.889298412734523 -2.110329666749695 -2.515074100281478 -3.243311040263516 2.334632421391533 -2.033442751464585 -2.216240771171005 -3.608291158494489 -2.54293863993249
 2.701666051236729 2.871956829938 -2.829020785947136 2.629875769957038 2.350877967427176 -3.065829117008736 2.631611816772562 -2.686063310888772 0.5467133716971742 -2.972307109383567
 -2.716396036433866 -2.618791404755612 -2.5729700646937 -2.990591008300211 -3.280402154109196 2.879418036565444 -2.747630625792944 2.423742365159291 -2.818490812955229 -3.414294279227583
 -2.422782151646607 -2.823488544759973 -3.124502324412493 2.91468804996172 -3.075761827041931 2.587590111852961 -2.830765427883819 -3.245530929473066 2.278451395316411 2.401170611696042
 2.483343073740292 -2.744705887204155 -2.836563031485157 -2.341023196332283 0.6757309096993901 2.673546920897442 -2.623010211178384 -3.304414586023872 -3.049682720625368 -3.12759286748972
 -2.371747197559206 2.3361620155616 2.959535719878339 -2.607584891566236 2.721002976044722 -3.123668442885363 3.072610688167611 1.794661007603416 -2.667749401289725 -2.987740154073929
 -3.022009978385261 -3.008707932956266 -3.015329608635445 -2.669868236528782 -3.123358219083008 -3.22531012632242 -2.346546924168527 -2.54519043935144 -2.680778042301545 -2.666736621612818
 -2.792419422142335 -3.042712289123519 -2.841145526806958 2.773222327747906 0.5013727221458192 2.813523916159008 -2.860456907779264 -2.987036607625238 -2.943424869728939 -2.981565270002862
 -3.164242453516466 -3.170124433413417 -2.848619632025518 -3.145550586492211 2.310256476036302 -3.012940879615992 -2.664904160073969 -3.003868461333973 -2.734317876662733 2.529239541525952
 -2.677142873640953 -3.182785992133927 -2.990161354683211 -1.919232812458239 2.611798193404619 -3.219610831611883 -2.013487712266986 2.605986889536905 -3.037803051833141 -1.664454966040972
 -3.278785717573061 -2.723355758062745 1.666818518654002 3.314213808012165 -2.842884742687537 -2.488265760313302 1.401968570059475 -2.752850635138621 -3.172235808969964 -1.157555472139157
 0.1986018675353562 2.711997516940606 3.196405605488619 -2.650854712765754 -2.666975702302668 -3.009675716970159 -2.777642308257573 -2.950747456657534 -3.041296931631005 -2.439689342394505
 2.884821324232842 -3.216904014147709 2.568496259404757 2.959755568453044 -1.208453098454073 -2.85487659038556 -2.998978306388428 -3.20158279679188 2.864235808985944 1.570415360230174
 2.349366846215068 -2.838668130613685 1.687281295073731 -2.539658158540689 -3.117800220246309 2.593188333177111 2.7234619314211 -2.811161946134567 -2.999146522495977 -3.163772989377267
 -3.156197408749683 -2.961490064663412 1.985292053004264 2.249253208714928 -2.026531906842806 1.647154465550319 -1.535589156240941 -3.042437814189958 -3.007799243850736 -3.631913583709772
 -2.701261757830814 3.034188927586467 -2.971913091468263 2.635162232012404 2.728484617620526 2.888558593845313 2.531805184772378 2.624925949544475 -2.941669214393166 -2.843429871632807
 -3.178387452532861 2.129046789492903 -2.836596468216416 -2.472971019774094 -1.96155058891431 -2.926503174330302 -3.204280118242501 -2.698166195157065 -2.871473401049554 2.852615687028039
 -2.956001233889185 3.517784377077702 -3.265097985184771 2.60413420678048 -2.773341648176509 -3.04692046022394 1.940056442647014 -2.885801624773172 -2.507043259107678 -2.491573788345558
 2.752752095624915 -3.125237529009953 -2.791534928460781 2.653816703396437 0.8153511358699543 -3.033168026358137 -1.436962297805865 -3.319472615400293 -2.70704987246741 -3.149661258706918
 -3.227186919223361 -2.779661042239901 -2.963810335958731 2.31956895374248 2.749268995424627 -3.075812369249918 -2.75985847910486 -2.903075371062951 2.866519340967105 -2.721042691316808
 1.844682026157659 2.706289635794776 -2.774912894743095 -2.402006748979876 -3.141015091500118 -2.978130482886627 -3.03450678050369 -3.000810297102975 -2.854517879786043 -2.912674626640712
 -3.016380716560152 -2.614130247688981 2.806869531227791 -2.909076781032543 -2.847265878943099 -3.151672861721794 -2.552684293361138 -2.798189803645593 -1.873397503493336 2.667952041119958
 -3.169632159582289 -1.722597731005702 -2.644234985470846 2.570356454511246 -3.124711984431141 -2.970759449643238 2.494921057263832 -1.525688504032585 -2.913909610292758 -2.120639384380574
 -2.464262801532652 3.105457294339871 -2.528309122868019 2.009033770042537 -2.625486740294403 -2.98435071727639 1.23939341026746 -2.834187942036907 -2.220569014976199 -2.969959430877108
 -3.045081134476561 2.883485736074964 2.938803214145353 -2.880902818084547 -2.781175050634377 -0.8340487626504904 -2.573515536358645 -2.953984770065505 -2.900719214860459 -2.825622311203677
 -3.194796566627486 -2.886736515568926 -2.877004772290715 0.5078850725820329 -2.885769896806251 -2.526518760140209 -2.885049488737078 -3.038517453212381 -2.534827874702084 -2.938635274479343
 2.594782422246975 -2.631398265758558 -3.112129684401514 2.319480582164239 2.699911675236053 2.975865741881415 2.87760085947763 2.812080951501561 -2.822627438416036 2.579932511729184
