# Created by Octave 4.2.2, Tue Mar 19 18:05:00 2019 -05 <ubuntu@algoritmosb>
# name: DatK
# type: matrix
# rows: 1
# columns: 50
 2000 2000 2000 2000 2000 2000 2000 2000 2000 2000 2000 2000 2000 2000 2000 2000 2000 2000 2000 2000 2000 2000 2000 2000 2000 2000 2000 2000 2000 2000 2000 2000 2000 2000 2000 2000 2000 2000 2000 2000 2000 2000 2000 2000 2000 2000 2000 2000 2000 2000


# name: DatF
# type: matrix
# rows: 1
# columns: 50
 1529.299442281947 7447.768598866041 45134.09405345087 33492.67844034296 85077.194252712 155891.8552041916 4243.052096417986 293.8439196776797 109913.7686290162 231928.3592265 43785.01593361154 10481.81622594107 2334.131961707802 200296.777110785 31937.95869487853 10852.44392826194 85.70044141015568 784.529731987409 9601.01115232001 4783.688155908182 2126.883304336789 281484.7543277241 32101.6408805118 2231.181753225501 14418.23736758635 34774.1044056036 22092.14659239933 41820.86770552024 53060.92370310748 185978.0697287003 5747.65426606046 23278.31075593437 50512.69992176559 39931.97003059998 34472.36015119957 582.1997651989525 1337.423924279195 242130.8905865087 9616.417061570422 76162.38538128386 150728.9752536745 210.5630157404342 77657.05776889436 1062.562163264275 1653.437443469719 113890.7635583198 41712.3271071676 13950.00482701746 1743.557904458017 36107.32525758943


# name: DatP
# type: matrix
# rows: 50
# columns: 10
 -0.6394400957767705 1.622537638887876 -1.620324354971643 -1.507184484611079 -1.260533360525868 -0.2133747818865367 0.9929757969946215 -3.006173118717926 -9.065789806104071 -82.23621547600953
 1.53844110279007 -1.102438290850225 0.8116798810764874 0.5592982946760641 -0.5387193428836913 0.01306280109814687 -0.3787646330059948 -0.2049033771793761 8.070643103518149 -65.5983579591597
 -0.1182744435965741 2.209877364130961 2.141180845527104 -1.92618503340955 -1.062435561803049 -2.299152170903682 3.218625279107908 -2.901978921160463 0.9903916425923971 11.84810501663948
 2.60198046588241 1.552130299162017 -1.52335128400474 2.619789738864405 0.2265160818169926 -1.331172714328574 2.724947928773596 -0.4306312612263983 1.443840483718162 8.695798269311737
 -2.957094489800809 3.907133657795836 -2.126841132391593 1.775475364052572 2.679673432620385 3.104374511105668 3.157877563015898 2.395499587193313 -1.327783945508635 -0.5289867223449657
 2.203814237663841 -3.558812252429422 -2.10521706772849 3.782910077248766 3.940731157818545 4.675727658204814 2.072693901235219 -1.84060007769413 -2.032592654658917 3.287780170198968
 -0.5376244820077102 1.602403152119391 -2.292332786403686 -0.9200612076337146 0.2409328034202944 1.625160891604056 -0.7555579181567252 1.013433959573562 -0.2143815326316818 2.958603245175458
 -0.1899073521392099 0.5509700789638285 -0.394376706744778 -0.1411662674034851 0.7688612759075559 -0.1433579918044637 1.068446078387422 -1.137669925818446 -1.041536943848002 -0.4606388008356465
 2.721944709394212 -2.479992585783997 -3.786027908380415 -4.03899828822592 -3.257577966621621 -1.139509047699837 4.190593904499869 1.975716372761009 -4.115768888231338 0.1011521314995616
 4.05346219823729 3.469884075743091 -3.744993737038121 -0.9956352849607089 0.1911440536772359 3.204631732515595 4.335009402168783 -4.797529782754147 -2.318031830462741 23.50655391511069
 3.97848815011505 0.2138042858734376 1.895391957641113 1.819551699009941 -1.08087990991093 2.370495897219701 -1.997665701485249 1.285314185020596 7.686813004956729 -58.43686622743145
 1.299300212579341 1.326440053902062 1.05069132633684 1.430800674862202 1.133822046469081 -1.510443741520208 1.431278484474129 -0.3858020868453919 7.177766697882094 -51.67137203312516
 1.105160383537573 1.275228462123733 -1.553398917382985 -1.015749515777977 -1.032971807849194 0.1721905402432078 0.1519881297470932 1.961452260729122 -1.805195647149631 -0.9668138538532658
 -4.582446264256527 2.61137154536539 4.503434485090723 3.431772682556287 2.912751790141507 3.754008978139643 -2.930637203874977 -4.24601504734312 -4.404065218115149 -11.71485043268036
 -2.004142248520278 2.776519152004501 -2.862468433461279 -2.200668655831883 2.083543032885881 0.7674051599501557 -2.518661292436421 -2.010855825155823 0.5381665404016388 9.50217888266309
 -2.236865594562091 -1.822895021206717 -1.968813976563909 -2.053021003157889 -0.80706740847236 1.24313920491548 0.9644310317114773 -2.052473658360653 -0.5174758669444622 7.261440217993955
 0.2948143813541781 -0.08962605904197708 0.126199799446373 -0.09734348881565275 0.7497517842851404 -0.9273187021605176 -0.9913815794007815 -1.136356689678351 -1.240381811099126 -1.580942104204563
 -1.301642040037965 -0.4364657480445206 -0.9039743409025456 -1.112568594216978 -1.305972614829473 -1.052600070046364 0.2250581568060764 1.753336324005272 -3.219242686663599 -10.5589884735562
 1.853717198991275 -2.118097066961324 -1.904659695957895 0.8921543989053129 1.15132352006771 0.8933731440261268 1.877607290128311 -0.6125628520041313 6.105755800244725 -37.35801991506025
 -1.337076443609317 -1.630898498376365 -1.63332213126522 -1.638332437824371 1.652973684570939 -0.221295386299284 -1.428865637043578 2.155267457481489 -4.46665167572267 -19.10142151642539
 0.9423593581237294 1.155739681579661 -1.242991887197471 -0.8440424223403835 1.898313659322117 -1.428613077395185 -1.502065201432058 -2.373378528598322 -3.533391331994785 -12.20771349643672
 1.704903449552611 3.868051307635968 3.584971428680609 1.806130386086614 -2.772588295543716 -2.286554592141889 3.760342739657944 4.3798585474272 -5.442748875190267 9.958689508382063
 2.252505020186307 -2.154593421306513 -0.845440609241996 1.782441407370871 2.928437113484764 2.613904075436108 0.7676117086827247 2.23756239232207 1.731558925902364 1.185997512827624
 -1.410131192755463 -0.8774113975483192 -0.6727842132071499 1.445845787266471 -1.763452406235759 -0.7164542998758459 1.91568767671542 -1.831176787770015 -2.23424086778495 -4.03294725956812
 2.455238269895823 0.1929313607118603 1.18670626541368 1.435579377452643 2.256501241870299 0.1717032545953535 -1.051891120812431 2.063825941838126 1.607429480748137 -4.457917762986539
 -2.089538569592826 2.54294602352122 0.4053816314175686 1.916642103111701 1.547438953489915 3.656533935014317 -1.570139776438491 0.2048526147297266 5.294394967093926 -25.06586599411579
 2.05429602441608 -0.5251635764802036 0.8322069067188963 2.291915101753174 0.6229056643866384 1.571020165507776 -2.70622688996691 1.573760740832992 -1.162693601284678 7.445767048165509
 3.621023387944928 -3.137947651638636 -2.915314558206628 -2.803403517554663 -2.425043973393248 3.106861789705567 0.05175172976504016 1.353029497552694 -0.09033984852170068 5.312119363519602
 1.726367021510654 -0.7178828429489138 2.716000707003394 -2.903580572194293 2.880282399277696 3.353037636385568 -3.974354235712443 -2.750640095543105 -5.347110500340477 -26.98564297028512
 2.08828135205351 2.036070075714208 -3.810090643651564 0.08838670065233593 4.479622215220108 -4.129427723962378 3.779844958950428 0.5478252245174253 2.671427461497767 18.69651786509852
 0.9832522482674895 1.691919616453537 -1.729161176122794 -0.9425862748678473 0.2276865390185974 2.049594479655788 -1.83093944916255 -0.9725681606041922 4.219593033307915 -18.7010305756038
 -1.436329924094053 -2.648290193844682 -2.71294813525138 -2.592393455767221 2.407429263644918 -2.120035208733382 2.836751434212499 -2.994143685396592 -5.228329964757741 -28.08684400788818
 3.404126712448779 -0.3187289589240094 3.521754865476311 -0.7375939288692963 3.104565354581039 -2.875429719126354 -0.5023899065545504 3.13732699345022 -2.662571314235838 -0.3280809206083366
 1.681022204493712 2.451162000015359 3.067755487766386 -3.772910469691796 -3.292220380595827 -2.873314852384465 -2.772766657481163 -2.48953478968083 -2.177583319664419 -5.270763081882776
 -0.4074163274051599 2.289847088811333 -1.476703916285881 3.095466769903866 1.084525112362986 -1.719212921495967 -1.917524841606266 0.7232750432997122 -0.9946546436598966 11.72164361252444
