# Created by Octave 4.2.2, Tue Mar 19 17:12:25 2019 -05 <ubuntu@algoritmosb>
# name: DatK
# type: matrix
# rows: 1
# columns: 50
 2000 2000 2000 2000 2000 2000 2000 2000 2000 2000 2000 2000 2000 2000 2000 2000 2000 2000 2000 2000 2000 2000 2000 2000 2000 2000 2000 2000 2000 2000 2000 2000 2000 2000 2000 2000 2000 2000 2000 2000 2000 2000 2000 2000 2000 2000 2000 2000 2000 2000


# name: DatF
# type: matrix
# rows: 1
# columns: 50
 1.499759782661858e-32 1.499759782661858e-32 1.499759782661858e-32 1.499759782661858e-32 1.499759782661858e-32 1.499759782661858e-32 1.499759782661858e-32 1.499759782661858e-32 1.499759782661858e-32 1.499759782661858e-32 1.499759782661858e-32 1.499759782661858e-32 1.499759782661858e-32 1.499759782661858e-32 1.499759782661858e-32 1.499759782661858e-32 1.499759782661858e-32 1.499759782661858e-32 1.499759782661858e-32 1.499759782661858e-32 1.499759782661858e-32 1.499759782661858e-32 1.499759782661858e-32 1.499759782661858e-32 1.499759782661858e-32 1.499759782661858e-32 1.499759782661858e-32 1.499759782661858e-32 1.499759782661858e-32 1.499759782661858e-32 1.499759782661858e-32 1.499759782661858e-32 1.499759782661858e-32 1.499759782661858e-32 1.499759782661858e-32 1.499759782661858e-32 1.499759782661858e-32 1.499759782661858e-32 1.499759782661858e-32 1.499759782661858e-32 1.499759782661858e-32 1.499759782661858e-32 1.499759782661858e-32 1.499759782661858e-32 1.499759782661858e-32 1.499759782661858e-32 1.499759782661858e-32 1.499759782661858e-32 1.499759782661858e-32 1.499759782661858e-32


# name: DatP
# type: matrix
# rows: 50
# columns: 10
 0.9999999999999999 1 1 0.9999999999999999 0.9999999999999998 1 1 1 1 1
 1 0.9999999999999999 1 1 1 0.9999999999999998 1 0.9999999999999999 1 1
 1 0.9999999999999998 1 1 1 1 1 0.9999999999999998 1 0.9999999999999999
 0.9999999999999999 0.9999999999999999 1 1 1 1 1 1 1 0.9999999999999999
 1 1 1 1 1 1 1 1 1 1
 1 0.9999999999999999 1 1 0.9999999999999998 1 1 0.9999999999999999 1 1
 1 1 1 1 1 0.9999999999999998 1 1 1 0.9999999999999999
 1 1 0.9999999999999999 1 1 1 1 0.9999999999999998 1 1
 0.9999999999999999 1 1 1 1 1 1 0.9999999999999998 1 1
 1 1 1 0.9999999999999999 1 1 1 1 1 1
 1 1 1 1 1 1 1 1 1 1
 1 1 1 0.9999999999999998 1 1 1 0.9999999999999998 1 1
 0.9999999999999999 1 1 1 1 0.9999999999999999 1 1 0.9999999999999999 1
 1 1 1 1 1 1 0.9999999999999999 0.9999999999999999 1 1
 1 1 1 1 1 1 1 1 1 1
 1 1 1 1 0.9999999999999998 1 1 1 1 1
 1 0.9999999999999999 1 1 0.9999999999999999 1 1 1 1 0.9999999999999999
 0.9999999999999998 1 1 1 1 1 0.9999999999999999 1 1 1
 0.9999999999999998 1 1 1 1 1 1 1 1 0.9999999999999999
 1 1 1 1 1 1 1 1 1 1
 1 1 0.9999999999999998 1 0.9999999999999999 1 1 1 1 1
 1 1 1 1 0.9999999999999998 0.9999999999999998 0.9999999999999998 1 1 0.9999999999999999
 1 1 1 0.9999999999999999 0.9999999999999999 0.9999999999999999 1 1 1 1
 1 1 1 0.9999999999999999 1 0.9999999999999999 1 1 1 0.9999999999999999
 1 1 1 1 1 1 1 1 0.9999999999999998 1
 0.9999999999999999 1 0.9999999999999999 0.9999999999999999 1 1 1 1 1 0.9999999999999999
 1 1 0.9999999999999998 1 0.9999999999999999 1 0.9999999999999999 1 1 1
 1 0.9999999999999999 1 1 1 1 1 1 1 1
 0.9999999999999998 1 1 1 0.9999999999999998 1 1 1 1 1
 1 1 1 1 1 1 1 1 1 1
 1 1 1 1 1 1 0.9999999999999999 0.9999999999999999 0.9999999999999999 1
 1 1 0.9999999999999999 1 1 1 1 1 1 1
 0.9999999999999998 1 0.9999999999999999 1 1 1 1 1 1 1
 1 1 1 1 1 0.9999999999999999 0.9999999999999999 1 1 1
 1 1 1 1 1 1 1 0.9999999999999999 1 1
 0.9999999999999999 0.9999999999999999 1 1 1 0.9999999999999998 1 1 1 1
 1 1 0.9999999999999998 1 1 0.9999999999999998 0.9999999999999999 0.9999999999999999 1 1
 1 0.9999999999999999 1 1 1 1 1 1 0.9999999999999999 0.9999999999999999
 1 1 1 1 0.9999999999999998 1 0.9999999999999999 0.9999999999999998 1 1
 0.9999999999999998 0.9999999999999999 1 1 1 1 1 0.9999999999999999 1 0.9999999999999999
 0.9999999999999998 1 1 0.9999999999999998 1 1 1 1 1 1
 1 1 0.9999999999999999 1 1 1 1 1 1 0.9999999999999999
 1 1 1 1 0.9999999999999998 1 1 1 1 1
 1 1 1 1 1 0.9999999999999999 0.9999999999999999 1 1 0.9999999999999999
 0.9999999999999999 1 1 1 1 1 0.9999999999999999 1 1 1
 1 1 1 1 1 1 0.9999999999999999 0.9999999999999998 1 1
 0.9999999999999999 0.9999999999999999 1 0.9999999999999999 1 1 1 0.9999999999999999 1 1
 0.9999999999999999 0.9999999999999999 0.9999999999999999 1 1 1 0.9999999999999999 1 0.9999999999999998 1
 1 0.9999999999999999 1 1 1 1 1 1 1 1
 1 0.9999999999999998 1 1 0.9999999999999998 1 0.9999999999999998 1 1 1


# name: DatT
# type: matrix
# rows: 1
# columns: 50
 34.05944395065308 34.03617882728577 34.09923791885376 34.08427095413208 34.02678298950195 34.07998704910278 34.0827260017395 34.10814714431763 34.08482694625854 34.11151385307312 34.13317203521729 34.13497114181519 34.12449479103088 34.27893900871277 34.17669916152954 34.33373999595642 34.06012082099915 34.03097200393677 34.03050088882446 34.10733509063721 33.85655617713928 34.45988607406616 34.44132280349731 34.47482395172119 34.47208905220032 34.40153217315674 34.43482995033264 34.44043302536011 34.47555208206177 34.4251971244812 34.47232604026794 34.54160809516907 34.48834419250488 34.53550100326538 34.5026261806488 34.5279381275177 34.49660587310791 34.51811695098877 34.47550082206726 34.54936790466309 34.53641080856323 34.53075695037842 34.5459680557251 34.5100519657135 34.47702407836914 34.4985339641571 34.54169607162476 34.50261807441711 34.45479202270508 34.48663210868835


