# Created by Octave 4.2.2, Tue Mar 19 17:40:14 2019 -05 <ubuntu@algoritmosb>
# name: DatK
# type: matrix
# rows: 1
# columns: 50
 2000 2000 2000 2000 2000 2000 2000 2000 2000 2000 2000 2000 2000 2000 2000 2000 2000 2000 2000 2000 2000 2000 2000 2000 2000 2000 2000 2000 2000 2000 2000 2000 2000 2000 2000 2000 2000 2000 2000 2000 2000 2000 2000 2000 2000 2000 2000 2000 2000 2000


# name: DatF
# type: matrix
# rows: 1
# columns: 50
 -391.6616570377142 -391.6616570377142 -391.6616570377142 -391.6616570377142 -391.6616570377142 -391.6616570377142 -391.6616570377142 -391.6616570377142 -391.6616570377142 -391.6616570377142 -391.6616570377142 -391.6616570377142 -391.6616570377142 -391.6616570377142 -391.6616570377142 -391.6616570377142 -391.6616570377142 -391.6616570377142 -391.6616570377142 -391.6616570377142 -391.6616570377142 -391.6616570377142 -391.6616570377142 -391.6616570377142 -391.6616570377142 -391.6616570377142 -391.6616570377142 -377.5249379892267 -391.6616570377142 -391.6616570377142 -391.6616570377142 -391.6616570377142 -391.6616570377142 -377.5249379892267 -391.6616570377142 -391.6616570377142 -391.6616570377142 -391.6616570377142 -391.6616570377142 -391.6616570377142 -391.6616570377142 -391.6616570377142 -391.6616570377142 -391.6616570377142 -391.6616570377142 -391.6616570377142 -391.6616570377142 -391.6616570377142 -391.6616570377142 -391.6616570377142


# name: DatP
# type: matrix
# rows: 50
# columns: 10
 -2.903534037175244 -2.903534041247317 -2.903534040034893 -2.903534029823586 -2.903534047523186 -2.903534045289274 -2.903534030749554 -2.903534021231423 -2.903534014306496 -2.90353402375234
 -2.903534028545232 -2.903534026592862 -2.90353401990094 -2.903534027659048 -2.903534014645734 -2.903534022539622 -2.903534028330966 -2.903534042401172 -2.903534008962376 -2.903534026790686
 -2.903534020237648 -2.903534028201352 -2.903534036707398 -2.903534028531467 -2.903534011002737 -2.903534022419726 -2.903534024396723 -2.903534056655391 -2.903534065175181 -2.903534062005066
 -2.903534022261866 -2.903534029670526 -2.903534038518792 -2.903534043457812 -2.903534040111358 -2.903534031442911 -2.903534035257836 -2.903534029453536 -2.903534053515619 -2.9035339996385
 -2.903534030456402 -2.903534027979429 -2.903534029777 -2.903534014450989 -2.903534039419422 -2.903534011258856 -2.903534029956528 -2.903534001147411 -2.903533993741113 -2.903534034170912
 -2.903534028497872 -2.903534020680842 -2.903534020716539 -2.903534030089558 -2.903534012231165 -2.90353405362946 -2.903534024200679 -2.903534043613549 -2.903534052827134 -2.90353403527374
 -2.903534036063594 -2.903534034976631 -2.903534029667496 -2.903534041043645 -2.903534013853159 -2.903534023939769 -2.903534035130101 -2.90353402976193 -2.903534008771057 -2.903534054619752
 -2.903534033702357 -2.903534032459295 -2.903534028202685 -2.903534023407179 -2.903534033528427 -2.903534030502606 -2.903534017909184 -2.903534040724861 -2.90353405316629 -2.903534008244971
 -2.903534032351745 -2.90353402874251 -2.903534019298615 -2.903534010227448 -2.903534027979823 -2.903534010711482 -2.903534025813968 -2.903534055336862 -2.903534059244332 -2.903534036300614
 -2.903534021863416 -2.903534028265943 -2.903534027264749 -2.903534041345563 -2.903534035660349 -2.903534004132626 -2.903534031140957 -2.903534042794355 -2.903534011645597 -2.90353403660173
 -2.903534019470285 -2.903534036667883 -2.903534039320163 -2.90353400566855 -2.903534024644483 -2.903534038858672 -2.90353401253489 -2.903534029951961 -2.903533996516684 -2.903534018206792
 -2.903534030838792 -2.903534032716964 -2.903534028038758 -2.903534042258188 -2.903534033417643 -2.903534039333088 -2.903534030651502 -2.903534026777195 -2.903534025751097 -2.903534010143813
 -2.903534034094561 -2.903534032211269 -2.903534039584536 -2.903534015266283 -2.903534023515819 -2.903534044813635 -2.90353403640476 -2.903534029948388 -2.903534005356455 -2.903534023171671
 -2.903534035438678 -2.903534040081384 -2.90353403462183 -2.903534026324536 -2.903534035892791 -2.903534047760874 -2.903534029519006 -2.903533995223457 -2.903534008658247 -2.903534065683965
 -2.903534035482497 -2.903534036396937 -2.903534033355783 -2.903534036564311 -2.90353400653479 -2.90353403686862 -2.903534014910288 -2.903534051023421 -2.90353403840993 -2.903534002924528
 -2.903534039426737 -2.903534026773675 -2.903534031664651 -2.903534029250296 -2.903534033251648 -2.903534027864738 -2.903534027630743 -2.903533997498438 -2.903534021342199 -2.903534070669774
 -2.903534035670046 -2.903534028763346 -2.90353403410244 -2.903534023269237 -2.903534054394497 -2.90353402152189 -2.903534027722861 -2.903534028241328 -2.9035340211005 -2.903534027735177
 -2.90353402277456 -2.903534027871901 -2.903534015701218 -2.903534020637491 -2.90353403269821 -2.903534025865878 -2.90353403116407 -2.903533990000621 -2.903534021156305 -2.903534023931198
 -2.903534031816646 -2.903534037623514 -2.903534036589322 -2.903534026126993 -2.903534021842316 -2.903534040508257 -2.903534023126914 -2.903534045667717 -2.903534063439474 -2.903534033788362
 -2.903534028341539 -2.903534020248928 -2.90353401425847 -2.903534033195201 -2.903534026786509 -2.903534032402568 -2.903534031081098 -2.90353399881532 -2.903534053097852 -2.903534061532222
 -2.903534038149655 -2.903534035586044 -2.903534026254399 -2.903534032212211 -2.903534053900793 -2.903534029990931 -2.903534017027566 -2.903534031935985 -2.903534047605635 -2.903534003381053
 -2.903534018569063 -2.903534027183322 -2.903534019907484 -2.903534003662349 -2.903534029280166 -2.903534022933911 -2.903534022405937 -2.903533988149769 -2.903534011495736 -2.903534031672402
 -2.90353402468626 -2.903534026682032 -2.903534019874263 -2.903534034797096 -2.903534023198308 -2.903534029993 -2.903534027016979 -2.903534059020443 -2.903534037380437 -2.903534038288833
 -2.903534032690201 -2.903534024839614 -2.903534037526083 -2.903534020101958 -2.903534050803203 -2.903534045013313 -2.903534037906781 -2.903534017203929 -2.903534005401034 -2.903534036625046
 -2.903534016123702 -2.903534026067635 -2.903534033340269 -2.9035340355349 -2.903534029255361 -2.903534029968663 -2.903534037752782 -2.903534037353364 -2.903534032891364 -2.903533988282078
 -2.903534033534054 -2.903534012482826 -2.90353403572167 -2.903534023962878 -2.90353402631919 -2.903534046725146 -2.903534040736775 -2.90353401421645 -2.903534023432722 -2.903534040352186
 -2.903534019606751 -2.903534017759045 -2.903534033610434 -2.9035340332657 -2.903534015182812 -2.903534011624218 -2.903534029201194 -2.903534025154753 -2.903534051284865 -2.903534021602296
 -2.903534024451642 -2.90353401615509 -2.903534020137167 -2.903534019967221 -2.903534032978862 -2.90353403639136 -2.903534015551201 -2.903534010676387 -2.903534050976667 2.746802770848463
 -2.903534032926318 -2.903534025038271 -2.903534026191504 -2.903534040473791 -2.903534039672898 -2.903534028363106 -2.903534034273204 -2.903534041519888 -2.903534052805119 -2.903534041304849
 -2.903534037137419 -2.903534022162881 -2.90353403508349 -2.903533995304892 -2.90353403488747 -2.90353402265304 -2.903534024884529 -2.90353404826026 -2.903534027364298 -2.903534045575908
 -2.903534031550253 -2.903534042805491 -2.903534028662088 -2.903534028959434 -2.903534000575514 -2.90353404110287 -2.903534018350323 -2.903534011912258 -2.90353400452859 -2.90353403357156
 -2.903534025462345 -2.903534040315784 -2.903534030908456 -2.903534046700649 -2.903534010977805 -2.903534020140898 -2.903534038598623 -2.903534054451477 -2.903533997075213 -2.903533990366028
 -2.903534022936855 -2.903534031569821 -2.903534032155956 -2.903534031872336 -2.903534035375831 -2.903534039980495 -2.90353402590751 -2.903533999176419 -2.903534031724962 -2.903534048799532
 -2.903534034509382 -2.903534023582586 -2.903534026467157 -2.903534033455985 -2.903534017322451 -2.903534034562524 -2.903534031388096 -2.903534060655707 2.746802777713194 -2.903534064783287
