# Created by Octave 4.2.2, Tue Mar 19 18:25:13 2019 -05 <ubuntu@algoritmosb>
# name: DatK
# type: matrix
# rows: 1
# columns: 50
 2000 2000 2000 2000 2000 2000 2000 2000 2000 2000 2000 2000 2000 2000 2000 2000 2000 2000 2000 2000 2000 2000 2000 2000 2000 2000 2000 2000 2000 2000 2000 2000 2000 2000 2000 2000 2000 2000 2000 2000 2000 2000 2000 2000 2000 2000 2000 2000 2000 2000


# name: DatF
# type: matrix
# rows: 1
# columns: 50
 0.1563962293424697 0.2459163241139937 0.1782192885025197 0.4323521787507971 0.1890486365821609 0.308322601629149 0.3541100269873341 0.1699903190676613 0.5891289750181627 0.5269928570948237 0.3358794576772266 0.2258670248950794 0.8534027859022633 0.6974048595021107 0.2747629100783537 0.1599781129846412 0.5809572686146967 0.3093696849190406 0.7737448222322356 0.2213265299224947 0.3587714017285576 0.3896180345915983 0.425962631640403 0.2637935632550377 0.2564013750505076 0.3708083193508885 0.1446141918373631 0.2949926068101955 0.4343151303758199 0.2424547003579132 0.1645316198146378 0.5767191587020364 0.6929521382743219 0.5536046423944352 0.4044326315795801 0.3761803769955365 0.4519128383325628 0.2927748032339094 0.1640357780991057 0.1999194768701609 0.4178801124350834 0.1911462791252202 0.4877570771185358 0.6702047383695295 0.3727039637233266 0.459739533295776 0.3820027370555681 0.4680605491283664 0.1543218349683483 0.2094959997014789


# name: DatP
# type: matrix
# rows: 50
# columns: 10
 9.441715828253232 0.01655810806173783 -5.459853892645248 6.402481245303768 -7.088887897411968 7.725790843972884 -8.480234245241146 -9.184604000379588 -0.5108245464389535 10.01355828989492
 0.1177818109862488 4.3892683728838 -5.45624786834425 -6.358376036081856 -0.07943054619032998 7.426032803834635 -1.165414215299756 0.2787616924104946 -0.6788683122855035 1.30845197681662
 -15.70850452633711 13.29700682791267 5.464037949321469 -6.402979375131155 0.04372713349141852 0.2108959499158213 -0.19493434427117 -0.07921005590435268 -0.6033201394606101 -0.7234652647101861
 6.121359547829117 -0.3409678859559225 0.2184046918308458 -6.938301975698815 6.161397596347789 7.615118173950038 -1.402892546741485 9.64662932107432 1.207248715102282 -0.138006343587477
 -3.002543344910745 4.412751261129451 5.509051774016029 12.6740370424303 13.93665052618649 0.1011143008081982 -0.0231554202973664 -0.06582448575557831 -0.9110113809789919 -10.04824411457669
 18.82779924796711 -3.903658188415307 -0.4246610862011519 0.663474888855851 0.02591760951552478 0.2282938866731833 0.4327713882780741 8.742811379872684 0.3677815686449502 -0.7805421125138464
 0.2396167688353962 -4.318496590377441 5.28045659912484 -12.47557819566659 -6.557195929618241 -1.407015158827534 0.1425913134970178 -7.984652584940086 -0.7061971505403443 -0.3742261300216357
 9.376963945601695 0.08928051373100737 5.29944955313953 12.44639002486468 -6.710713040551542 -0.1577434831160091 0.6178763487511412 0.4955656790214211 -0.2613437920449516 9.706038707837584
 3.323137331490986 8.73541516518128 -5.100793511555936 -6.177908667318762 -6.551837566586727 15.92569171946246 6.400601040164211 9.699965156318644 0.3967979684655009 -1.723713324378818
 -3.402064934986606 -13.39527470850361 0.3406789069215694 13.30635524589546 -14.3073570395957 15.0789751532657 -1.175167818623567 8.914939702256413 0.2146330922321853 -8.572921297764545
 -0.002499886954684069 -4.32318609466974 6.198292926728945 -0.2703569806406251 6.374257294671176 -7.576447871302943 8.394428288622338 -7.760513403374642 -9.684245761957053 10.10780969616237
 -3.128496307132363 -0.004758709938414614 -0.37856572673113 -5.8644396488707 7.447935600567042 -0.306015502026723 7.244895315124993 -9.019566604319369 9.42531043670626 0.04262659551537668
 -4.085504665625332 8.234152679839941 -5.004061992086504 0.5458657206956576 13.99918699237977 1.25654056172762 -4.778299551756469e-09 -8.748612514921779 0.440206936925911 7.020345431696268
 -3.488799183185686 -4.223926989214077 9.681003537088518 6.924945381254035 0.7272896578851282 15.99104059999799 -7.755109591427252 -18.16757784232282 -0.8372402749940272 1.593293115584214
 6.350211982030216 -4.491211001226422 0.01489270610128757 -5.934391365311845 -0.2882960143560216 8.105338867376748 -1.238927854223696 8.616718212039876 -9.443779295670037 -9.165028872750737
 3.10563671047291 -8.739089058475427 -5.545078809589737 -0.3742943850991404 -7.216826907964569 -0.09526484915740652 -8.179568656005818 -8.551015428336134 -0.04814987865148695 9.228940130831901
 22.17544567577117 -8.955993531836475 -22.17033775358351 -0.6193220987178134 -0.04966747178153434 -0.3104811192565229 7.509657798821148 -7.807845646784596 1.107762759296863 -9.460764156259451
 15.7184877126651 4.524153536120446 10.97502325504376 12.45693044993592 -7.190560652470517 -7.613061887712033 -16.34126233676349 -0.7749663805250231 -0.6964085908757653 -0.2669515335215896
 12.55256268558668 9.528998529094945 1.496983615399961e-08 0.5483009815868246 -5.649602330150921 -1.298958414459804 7.888814102321377 7.133270583427457 -8.892314998810019 20.94199210809109
 6.270951214132992 -0.09126255577449457 -10.67631663936557 -0.2539467769029241 -13.8954264921233 7.194342322939367 -8.584287053233673 0.1945535695561837 -9.465331209815304 9.449031980522928
 3.067332476845824 0.09733828982846054 -16.16753737357828 0.5020670069028694 -0.1169824245090657 0.733239621048163 -8.369703840930109 1.113990774806678 0.8026012171038166 8.617149616899805
 -18.86326077754264 -4.339241870751644 -6.281427791651605 -0.1038294125927914 -13.8868657948802 0.00982637961468279 1.290942393302842 0.4650435738070175 -0.172320182994559 -0.2177005712126194
 6.538050359593091 4.872254029584777 -5.955517862931351 -7.041800197009101 6.544499415539526 0.7322215795384212 7.517160269761751 -1.266421381235014 9.42187117589255 0.002470474955803873
 -6.365771357302641 -4.555235819734242 0.3319427244920372 -0.009825729272017953 -14.28302557203543 15.17537155899336 16.76196127550964 9.029459079678565 -0.4863208807708048 0.06350433042232945
 -3.033911064765491 22.16719750480442 -0.1128402214350193 -12.35015097281137 0.1348915136886767 0.4002876302214672 -0.4086755061798396 8.802391609836324 -0.08414530858976732 10.28080458627883
 -3.268895641578227 3.857699484661884 5.506845801514562 6.193933983936037 -6.697542326375971 7.683790812954191 -8.158151665012356 -9.186174537853315 -9.491173080321882 -8.173727973277577
 3.124588852639687 8.83297862608827 0.04416393764866539 0.1610984420734478 13.98301745358149 -7.612896515479092 -0.06389217919455645 0.2324548715441416 9.363668963785525 -10.15160894612585
 -3.029042319360881 4.9007306630462 -0.1731068812697942 -6.507038687204738 -0.01392127937866745 1.01695681264952 0.03844451773410436 -9.434266466584869 -8.450433680046428 -10.17989059201054
 2.958711999274751 17.61251938473184 5.232085411044372 0.3485456833812924 0.296556147297176 7.70841223736211 -17.47925398081693 -8.265251818493955 -10.04449926697444 10.92783365412148
 -0.01278228466860314 -0.01893458441990188 -0.1574915655075763 -13.10109544392928 0.1047688876394752 0.07844574529107649 0.1100451114878545 -0.01602130408611949 -9.886960777657849 8.439238310406139
 -6.273130968291045 4.581701227337762 -0.3892246090459918 -0.185458272413902 13.93284832535635 7.591202786445826 -8.157874863261345 -9.169306790823196 -0.06449697765482978 0.3497728597536496
 18.8544983128195 5.010085397791405 4.876850571461849 -7.354888516690883 6.882203087314338 -0.1305781974267756 7.628978152054732 -1.528047607230169 10.15738996528768 0.5923534360225375
 -3.582180347127071 13.67293242447706 5.506371053578529 11.73792491321551 6.041528034547205 -6.671391050653902 -0.3691813226991422 0.3865063737042908 -1.332415966127114 -7.592709970551069
 -9.475754409677526 -8.913839135640259 -5.118574505881467 6.731013325693805 -13.94970178543182 -7.451886375066308 -9.101812256374243 9.126878871685618 -18.05464699362971 -2.071039515448731
