# Created by Octave 4.0.0, Sat Nov 19 10:57:03 2016 Hora est. Pacífico, Sudamérica <unknown@HEEC>
# name: DatK
# type: matrix
# rows: 1
# columns: 50
 2000 2000 2000 2000 2000 2000 2000 2000 2000 2000 2000 2000 2000 2000 2000 2000 2000 2000 2000 2000 2000 2000 2000 2000 2000 2000 2000 2000 2000 2000 2000 2000 2000 2000 2000 2000 2000 2000 2000 2000 2000 2000 2000 2000 2000 2000 2000 2000 2000 2000


# name: DatF
# type: matrix
# rows: 1
# columns: 50
 1.697665079782329 1.220436071398799 1.63161373858923 1.989513675880463 1.731250866126474 0.7385767558914959 1.131810934894347 2.333583849043171 2.055449594795759 0.9302691013403517 1.442734354633894 2.336528821708512 1.123582174078775 1.894818367789653 1.654697914507809 1.246080121291377 2.005115688942912 1.874861286032262 1.188054107866026 1.420353026027036 0.8268391046729837 1.740259674480524 1.731652606358072 2.464112836579867 1.809786708146992 2.048657772069709 1.557368207208687 1.891649260558035 1.746450062380732 1.731939276296807 1.238614741576413 1.498187103653501 2.293355823605752 1.510286122412832 1.86571430912917 2.372881733563465 1.6970194152822 2.875573891274933 1.582753707492136 1.57622598943124 1.118334541502767 1.665901008388753 1.585906739297426 1.562767880416281 1.910457937328588 1.620355592153025 1.52608563318079 1.063291743176962 2.122087947959171 1.830580773238326


# name: DatP
# type: matrix
# rows: 50
# columns: 10
 0.87412336255829 1.576382585377637 1.38085206429016 1.212756543504703 1.128779813192992 0.5131213664954455 -0.3798357255086735 3.015440354331133 1.100531890737695 2.153507333904248
 1.145137471871367 1.917889605799857 0.7307126363984224 -0.04591076165541708 1.039830012854654 1.036957362197562 1.446677917161457 1.010118465459565 0.7748664932688367 3.242623435919969
 0.9061329906068067 0.1638487934184525 1.225465503052785 1.260224751717979 0.5818450297031887 0.6852910531258569 3.860382810212688 1.827497146630149 -0.5354533063310942 1.998482587048779
 0.4497289015505874 2.021070469098126 0.7614339223464821 1.306353569712178 1.833910447719369 1.429578559878536 0.8616414044476617 -0.4571266737564912 0.7045481152115993 -0.2501697148918538
 1.339170167598565 1.39276003978518 3.836365029397117 1.165946382138522 1.228493730200093 3.765912170979449 -0.006634988130851838 1.267471838477896 -0.6201745281964399 1.207574230688651
 0.4368752402313003 0.7322649842926054 0.4133776518953294 1.009714330106398 -0.4477455109388675 0.4714635840736143 1.151012266313595 0.245396091814639 1.043189278611109 1.636254255833178
 1.069303321532313 -0.5305309689375672 -0.3873364756523632 1.149391187395484 0.3507173955962593 -0.4526359564277396 1.763709075064121 0.7035655698953764 0.3063245206805956 0.5834635562153689
 -0.5664088253636379 1.988488118120543 1.052210007950825 0.1553600459379787 0.08994627798561794 1.371377859655228 1.439188155605512 0.08019899603852565 0.4951960138368854 1.224122477910802
 1.542308335307252 0.6737830233420894 2.075978925684744 1.164224026547032 0.3004502934720232 1.855199702520094 0.392679795587874 0.2192147818649364 1.059811184353965 2.017536040773912
 0.853973675151261 0.3713281942705038 0.7418728794100087 0.101340508081563 1.206707300629956 -0.1241464357376536 1.801210767850721 0.922063418660116 0.246113420253991 0.2869557844325286
 0.6590111690117162 0.1204871654413022 0.8716430700255717 1.08738577819563 1.300252521146104 -0.3663700135452608 1.300619819999341 3.416762902100952 -0.1547337723974298 3.190193233870342
 4.117416960267718 0.02477553131038768 -0.0463007666623394 0.8299693787951767 0.6675772149562089 -0.289816889090762 -0.5306881652014663 0.3362458752611435 1.218075099427436 1.944449766495179
 0.3800305793643197 1.196221778777531 1.06566433464128 -0.1540743738229295 -0.2353218020661565 3.679220886092223 1.027873573588396 0.4688676941822223 0.4038603091263351 1.274111470670592
 0.8398384652931412 0.3322294043403673 1.339647883546931 0.3526865678226478 0.6333800532979996 3.746249123701077 0.7198975312738902 1.314973406884073 -0.9457187734040264 -0.2390742263023249
 0.7502769220836871 1.075724104998065 3.674139308618303 -0.4870186489660657 1.345771724268509 -0.3814768253883134 1.575630418634594 1.663216851563131 -0.5486272215441161 0.6608471151072468
 1.418740518243499 -0.01809379962657864 0.06674146494357736 0.2243346075928425 -0.3741028494928251 0.7392230109353086 3.75435865634701 0.2356951460032572 1.221350944001538 1.236085404202591
 0.2301729139079907 0.7359517734975665 0.9166351861164603 1.467013700062914 0.4553501299613547 1.192336509670685 2.410481095912148 0.3682198938999797 -0.3591404205885169 1.796058351798987
 1.289116190496458 0.323184098707582 -0.4873815872651441 -0.9226014222473982 0.9487520367509159 0.5201935193709506 -0.6546599995295939 0.1520935491504201 -0.02537127042169374 2.14046169818954
 1.139762755378396 3.438581585627393 1.435147408524918 0.7963201059130238 1.185404873581085 0.5992179612461737 1.277578660924618 1.376754500711748 0.5985145474936822 -0.437128665327462
 1.051565267666053 1.191000936418972 0.8891635785071745 0.7712300094527418 0.7368288131355687 -0.09932009783405782 0.4068129772000493 0.1969944750096939 2.478063600255984 0.797458236086813
 0.7735603207066504 0.8897733308945668 1.397841799376321 1.124743651711922 1.098836343630314 -0.4583997740354189 -0.136679190800848 0.1875454472981346 0.224456965480293 2.676061597276844
 0.8787152706313606 0.6239447648499628 0.4668495111053446 1.115585729098223 1.403773256357104 1.228085854349876 0.1938246730794848 1.309808740156985 -0.05190809471988089 -2.301638425314383
 0.1951417322204918 0.03851255340137349 1.1437247397085 1.386826257408345 1.40678583517513 1.717365894625681 0.342038163909244 -0.06072730804611837 1.790663250983163 0.4891226675335538
 0.09843419527932795 2.014717996251473 1.455150163352137 0.368294122637483 1.078439063825785 0.7752002602893313 0.8666669809130934 -0.9365747317895021 1.180580350669263 -0.2888534128952926
 1.247714806199829 -0.8535073980996586 3.486809590080108 -0.5494346630823177 -0.230531468879164 0.05396613491049429 1.084097914539903 1.142959178727844 0.1432980084433186 0.2431231621094163
 1.569695727199614 -0.3025660009381781 0.8896880398638665 3.988520727194512 0.4614336291359411 0.9646509287666589 1.098125543325652 1.148676818742928 0.5369100979825348 3.501187932464749
 0.3293798652533209 0.05035846490518558 0.8686372619954223 0.1576474247491486 3.897254530143609 1.739232197111921 0.8742989771812955 1.168733324634264 0.9981188213387142 0.6771842527475282
 0.826054164611655 -0.855274217140888 1.467410558003275 3.271241833911596 0.5114378193339189 1.21269435851432 -0.3176088512930342 1.054853048957938 0.9368760415634352 -0.1413118576970778
 0.8940032890346412 0.5878700648121153 1.474906215340434 -0.6199375720848188 0.1490941800517209 -0.6197885929236495 0.116880203968746 -0.5022049792405685 1.20439806564247 -1.485525498615917
 1.179290476615931 -0.07900742723024123 1.288907645398609 0.2524474176980309 3.247023591950882 0.02206428780490377 -0.5524392659956074 0.4786152925607112 -0.5917491067178773 1.818207937583132
 1.183858786284633 0.4823988133666077 1.037568242576663 3.569363145338027 1.165176952021884 0.8687595916521555 0.7802466549429674 1.376721409510999 -0.7411524995795524 1.839406723781719
 0.8276168992991284 -0.3185383745960948 0.1287684940694049 1.116944212230436 3.318389306926541 0.461528149209558 0.9653463881512483 1.427715383802671 -0.4547486705649302 -0.9295691496333518
 0.3415004820648075 1.269119309040503 1.345688565457188 0.04490534007361902 -0.34411922843117 3.338945219705561 0.5116413153537422 1.590407494119392 1.223880580841884 -1.561142559772856
 1.655101283437599 0.7576459683723726 0.1711261731185765 1.630937860069501 3.640384387303641 0.5549635665758803 0.6678292484527191 0.9299050694641835 0.7942381051208738 1.409606476050284
