# Created by Octave 4.0.0, Sat Nov 19 10:29:04 2016 Hora est. Pacífico, Sudamérica <unknown@HEEC>
# name: DatK
# type: matrix
# rows: 1
# columns: 50
 2000 2000 2000 2000 2000 2000 2000 2000 2000 2000 2000 2000 2000 2000 2000 2000 2000 2000 2000 2000 2000 2000 2000 2000 2000 2000 2000 2000 2000 2000 2000 2000 2000 2000 2000 2000 2000 2000 2000 2000 2000 2000 2000 2000 2000 2000 2000 2000 2000 2000


# name: DatF
# type: matrix
# rows: 1
# columns: 50
 3.736164725425772 0.8973926870581155 3.630816239677966 4.068169000424729 1.453574909433601 1.40343658735892 3.124957078709186 1.162209089252747 1.231272270203065 3.367339469703666 3.249176069128801 1.364154366933253 2.606300175565851 1.496084639476861 0.8600140854683137 1.388726667272885 1.905416390986454 1.804946982943453 1.103179364961948 3.193692301175922 3.315765308346625 1.215127495933836 1.113914923171957 0.4353214425094855 0.9033379840816421 3.407924517782004 1.973656951965396 1.812832222268932 0.4830835536490969 2.842413164637416 2.269007742490976 2.791015370560367 4.019253651397255 3.761484748862263 1.333389544821145 0.9177809564931441 0.8402774726317663 1.05190672661329 1.121070650696883 2.981507336798999 1.16849920051429 3.982924715860739 3.003563237987316 1.8201602544908 1.024715564747549 1.069984728012147 2.776721541069308 1.847167603934464 1.451119893919283 0.5274349972151795


# name: DatP
# type: matrix
# rows: 50
# columns: 10
 0.9690948031164925 0.08967588513802127 4.052517871874635 1.423828956581652 -0.5523065082181429 1.036285645717857 0.08891030414848089 -4.403034285403566 0.9842775734104521 -0.9594120823420216
 0.5095357218324708 0.8906845213310248 1.365436748206285 -0.0855445641721797 1.740347196216099 1.176855317503129 0.7127339922979914 1.203297745637258 0.8417195173054708 1.677243043420011
 -0.6501800262436532 1.449731313810661 0.2604784915829814 3.417768817647513 1.14710271398925 2.523011193452559 -0.3636183309221952 0.7541548648832919 -0.2504793100170009 2.928365100134863
 1.352048455196753 1.258072599780492 0.5705310960568397 0.6377601079680524 -0.1191832706904066 -0.6293981604199121 -4.178535945735997 -1.182570128916932 1.041159922209921 0.3300487139870896
 1.351912671130238 0.1074965620140844 -0.3396685320707178 -0.5012863206884557 0.6817865191648949 1.467616491105101 1.191289546736485 -0.07319168467828874 1.747886761192596 2.897474891844094
 1.412012271144384 -0.7423080124526393 -0.1835355517330157 1.047006424818562 1.182790226707521 -0.08882983816907242 0.5268927156085805 -0.3064348599229803 0.8469245713453244 3.266796865912571
 1.462994007711906 1.518659608524171 -0.2344002440449344 0.239065718452327 3.197180874679169 2.510003742763764 1.443258034237964 -0.3547666617318281 0.1259518889496611 -1.034681949208005
 1.34831966770925 -0.3341567684049878 1.175953817114262 -0.4111121366091943 0.9370724295547443 0.9754216290856697 1.237031130190141 0.7927353008227982 3.57753888577855 2.636423587801387
 0.9600864671336602 0.395791585289393 0.3097035090843185 1.095834023621485 0.819913988710395 0.310895856492829 3.402055581003522 0.3683558998104424 0.5261597618319733 -0.7420927502634811
 -0.650503718536676 0.661200245124423 1.679269592756752 1.908087932940937 0.435948869236876 1.018204984906399 0.6552878521712238 -0.05297643849208811 0.919026277082299 5.007242672927559
 1.884134956751529 -0.436548069885017 1.515883450889364 3.324688345140475 -0.2265466756588523 1.418924994328041 3.779999914381841 -0.3075660463593799 3.664387799339837 1.697979924617167
 0.7888273233794791 0.7078948644292105 0.749330597284823 0.8264651813472543 3.717404142857839 0.1313800536813918 1.646447309291567 1.04276647256863 0.3239347487045006 -1.182433829057782
 -0.546779300386504 -0.1661420744136777 0.4368336072745915 0.2389192007476186 1.484809418585373 1.021919943708861 3.396686427780502 0.9337183324930578 -0.7342667859147127 0.2062208563809911
 1.572725398988306 1.713432589501148 0.02790646078220682 0.6210236608262534 0.01840870743769685 -0.5198931458672451 0.9713437076824309 1.135415740904628 -0.06107255616393026 -0.446478955165535
 0.7596974055586898 -0.3152699738359495 0.610216273237203 1.376150949186471 -0.4332617984998546 0.4022428374097302 0.1108270903573096 0.2980472644059695 -0.2139637458102293 1.673720091609262
 -0.4022448527772298 0.6973004671843128 -0.09051542558187187 0.2636483427714253 0.6546355531851251 0.2425435441918768 1.048736592314704 0.5568424590112286 0.6074525737152996 1.26553266851721
 0.6832829676957157 -0.02816251962950744 1.713560440300038 -0.5877724143304945 1.021822372826216 -0.03067580724757413 3.984810695597789 0.8497337771072111 -0.3529877854829575 1.962902330094813
 1.445046292324859 1.341784785950374 1.300799521454977 3.551965104465314 0.5320154259626442 0.9288887367835876 -0.3730628571442978 -0.2442102520953782 -0.7475856720366121 -0.5691066319943978
 0.3774835183517187 3.822955590490247 1.142499554811884 1.181312505327446 0.3779699552628806 0.838940039360164 1.160370740658109 0.6535081474090596 0.1949512303333716 0.8306707534605469
 0.9461541991584319 1.446624948335545 -0.9941714483684123 0.7876737258294728 1.263260751843566 -4.272238387545339 0.9575761627309749 0.6438721281688924 -0.00155665478815159 -0.1633393484013634
 1.325341669621867 -0.4223589479458401 -1.093981183043411 -0.6255073190936873 1.001320896724797 1.027629616186561 -0.3715732622745112 3.840911275306429 3.879668637796858 -0.8683573321863811
 1.330212677753771 0.8228896477187764 0.7100803129677296 0.01032362892150651 1.188399642237304 -0.4881972681705093 -0.2572387926566346 3.583027223407345 0.8825910889241015 2.204927094688919
 1.270002886708498 -0.260192673996281 1.404231669480957 1.36572781808851 0.2157592367810715 3.72151336790456 0.5550244709249643 1.129357571739563 -0.3155271706430192 1.19285638200815
 0.8188854604334441 1.408842554997713 1.390389654666762 1.096382945729042 1.065557537553342 0.752777367418286 -0.2243017474037483 1.068778314624319 1.293127286521823 1.39287316935731
 1.260283323395052 0.5256627603758748 1.460106612617746 -0.1329742715102213 0.2084451622439101 1.452744467138301 0.836744636584033 0.7511403140624715 0.5575428367248882 -0.4615930146627267
 -0.2027408023066624 -0.0781493050092763 0.7345445445052405 0.6919216581834622 0.5574148155230709 1.654537569089932 -4.385785202664504 0.002909996583195351 0.1976664422916574 0.5401185986940256
 -0.3364611710652259 1.058263878261853 -0.07708917477458144 -0.1027158071159739 -0.1037157205068198 1.378573403895201 1.282780833903535 1.522073742422515 3.797839572994409 0.6775249395675118
 1.116728869714704 1.528403478265421 -0.2214120593643063 -0.6570319937987996 0.6200185612783393 0.4575847233735022 0.7851514112945921 1.232549102610328 3.185053360405382 2.577776961379923
 0.8690511255949573 1.185039213273503 -0.05985237952721967 1.025555807977163 0.9749453921212083 1.127292963396494 -0.03963132741788122 0.698459689922668 0.8803723081323565 2.636643193882762
 0.5492580449592399 -0.7125161834509068 -4.212219843445244 0.4529469125935179 0.1906121311556142 1.048754903062395 1.141914573640468 1.30379608319819 1.317797613778813 2.922564743177363
 0.8180990046487491 0.7664772709932244 0.8038898309707427 1.52939166157568 -4.299017126156465 0.6009742527043311 -0.2575946592342291 0.02036342364597843 1.086617525183415 1.190907550958185
 -0.897395963078079 0.1053622020485108 1.183879333225137 -0.5391158890071495 3.652029178824348 0.9288766776114379 1.060642951091943 -0.4325361243915999 -0.3963682832923823 0.6624524404129719
 -0.438583231481747 0.7462023282669037 0.3216685506425048 1.673115316558954 1.513485945439292 1.134548698505149 1.443935011671579 -4.394212959648555 1.451647018589762 -0.3335283873833159
 0.5467533513385092 3.898098005207059 0.6611240755252261 1.193466579975187 -4.146726063169432 0.01879079860379917 -0.6939916716171641 -0.6951821353530079 0.6806708542378352 -0.6520640283657553
