# Created by Octave 4.0.0, Sat Nov 19 13:01:30 2016 Hora est. Pacífico, Sudamérica <unknown@HEEC>
# name: DatK
# type: matrix
# rows: 1
# columns: 50
 2000 2000 2000 2000 2000 2000 2000 2000 2000 2000 2000 2000 2000 2000 2000 2000 2000 2000 2000 2000 2000 2000 2000 2000 2000 2000 2000 2000 2000 2000 2000 2000 2000 2000 2000 2000 2000 2000 2000 2000 2000 2000 2000 2000 2000 2000 2000 2000 2000 2000


# name: DatF
# type: matrix
# rows: 1
# columns: 50
 0.198743151946417 0.9292210414953231 0.3194846665562403 0.8336647533553688 0.2228876998336242 0.9067796207963662 0.3318843001536749 0.1986002440733694 0.7390556175336396 0.664870828743007 0.4383992927064795 0.864178023129003 0.8505793747964434 0.3771432251258569 0.9260305685049256 1.007908214587494 0.8851045602850506 0.2242150392865541 0.703990541035851 0.611022854778102 0.7780756990292491 0.9894770034343802 0.909029789504303 0.6874723025654652 0.3173904186582459 0.619652530218157 0.1825611791602317 0.3485619500441625 0.9208544358889006 0.224624849045886 0.7240689928683733 0.8040918389762817 0.9222968640853406 0.2831785352153398 0.7701051188367534 0.3588537819659794 0.6196999159578861 0.3028382650707783 0.8146699997914771 0.2657242242378521 0.7557368646298228 0.9992201473339045 0.9911298448207673 0.2188850719647396 0.9743638718277372 0.8425012775908571 0.4189239056026565 0.9578198570180581 0.9058111883962715 0.1379453253888749


# name: DatP
# type: matrix
# rows: 50
# columns: 10
 12.65223124415811 -0.2732584810931016 -10.51829430376576 0.06966463756732111 0.2360795496772283 -0.5894719896337719 -8.728163608028559 -8.847196643872707 0.2459271731370265 0.1226600983956132
 3.061233125438832 4.857288176531128 6.05426952830026 -4.829895937250356 -0.1285895389174811 15.52542703763314 -2.020269548895179 -5.87377374891355 9.204040451876793 2.037662483828207
 0.1757206227468231 0.1755795454757134 -0.524062747218089 -6.154809161085865 13.82517252892633 0.09070007067757047 8.267709359241294 -16.88383059205706 -0.4622687893520023 1.000129110389935
 -6.164713039430502 8.605035987110206 -6.56012976638209 1.76324626977636 -5.719759780054773 1.828699596400682 0.4780894488708114 -0.7217447303907818 -1.505095759922831 -1.716226196323731
 -6.090554005328244 4.858934641429059 -0.2101904510256745 0.3055341384882055 6.157420564846831 -7.346171070055192 -8.149484702206017 0.2236897060813376 -0.3956143183590015 0.1528128870178591
 9.437751104050619 -4.219377715575519 -0.6789241519533604 -2.001846978102549 5.638451985083194 -6.97473756304769 6.169444723997159 1.377897470730545 0.4308649427461475 11.92973006687856
 -6.382793247900175 -8.730845092903778 21.61875230583212 6.510055418999862 -7.050135674814598 15.8375778822718 0.3798093190656644 0.2559786993972537 -9.368022296402494 -10.10839936967396
 -6.237608397947255 -8.532230502131398 0.1243695220638301 12.62705242385221 6.984875772975087 -15.36064709195249 0.0002124117145285709 8.734459384558008 0.2543190638336981 0.09561013635001814
 -0.4602999874354836 0.7008985255658473 6.631436627009528 0.4650106748617588 7.829644969622521 -7.012484421699824 -15.21642301783251 1.684771909141716 -9.335321991747456 -0.1165960509298358
 3.125243150637402 -13.67362831039252 6.300752637213279 -0.3445708206985216 0.3425994249940629 -0.01815594173423563 5.977910627785583 -10.16310463843198 10.26085971303497 0.2386673491403073
 -0.1540344902879554 4.518434419564542 0.2695259538543411 0.05134599664420847 -22.10096557953157 -0.09249579784417961 -8.080047703659218 7.736455477568356 -8.746407965244316 9.256827163844044
 -5.312398995334036 0.5393689745238035 -5.09320926862992 -6.197802108505307 -0.2232708483918273 -1.727130756036537 9.71664160739212 2.460024591575767 -9.355287625984921 0.9246346137396557
 8.779127768101517 -0.5360688267960896 0.06631825958726267 -5.540043095475575 5.271226887957958 -1.382924546443412 -9.910697402719883 1.90570596637545 -1.970494898298028 0.1109367346090124
 -6.296802277898948 -13.43518287718638 10.67220458240688 -0.04543689660754069 -0.0421497870320664 -0.2398023271327858 -8.087700949143333 0.1577025601820026 19.03153123982432 -18.59812036806816
 -3.093548359950631 -7.55471542357332 1.234724527467947 6.385044670656846 0.4590289501270135 -2.695685870323992 7.767874436792923 -9.235811299967494 -9.956373096938435 9.534787579977575
 -12.74240856779465 5.016209163163708 0.6016780377200135 -0.9644094228414914 -13.16486803003787 -1.69170614740478 -0.2694861134389299 7.051166433081612 -3.85300650491795 1.83908825506645
 0.5413187170693519 -3.122714305348495 0.2023667946106826 -0.8127205033368341 -5.763395840181843 0.3557751738756991 -7.715817993410127 18.14028038576738 10.70059668014501 2.337949608638461
 -12.54932905463879 0.1218414718551912 0.4142989662345045 6.08760054133753 -6.784619225670014 0.1824953570123213 -0.5580512956390109 -0.1878116774152545 8.501671929260283 -10.33543930949266
 -6.457943598303665 -3.845706072164688 10.10865089079753 -6.451116235308703 -6.49782590449513 -7.550170099564227 1.261717839362298 -0.2887491370077342 -11.86730306786728 -11.19865593205868
 3.589369126305961 -26.47131345063505 4.626322625658418 -6.853695086790005 -0.2814689080426263 7.256294151427262 -7.062512444697006 0.5501471929624557 -10.05587672749248 0.2543589916515501
 -8.774439490442795 4.993772303582766 5.047629532832659 0.8675960427816491 0.6288874315492876 -9.321431976385902 -0.4752526421275221 10.99895191115229 -8.243852730409564 0.5613153863583307
 -6.243350120854522 -5.897779566708685 -6.376707412033625 1.690723410548969 6.746997811166466 -5.323483725674414 -2.09388406269872 -8.349220755970556 -10.38102915696107 0.8791869529440035
 2.261326091004101 5.225159302113049 0.8279927531028335 -4.172237354172623 -1.049279700556369 -1.685832348222618 0.8139771949125247 -10.30069052081699 0.1934498531683815 -0.8475518239273185
 6.764227323453056 -0.3329847863372706 1.350108273301295 0.3787372365426336 -7.612519067659022 6.043893844667807 8.204534981685541 7.789876179374723 1.016237406975975 0.8964853334427048
 -3.11500921011713 -8.976222183227016 0.4638732120387985 -5.911245825933214 6.016231996050934 -0.1892388226680737 8.596061568967883 -0.4897434933359293 -10.2779587662192 -9.519565179343338
 -6.647925797057404 -0.4670258197170085 -1.166836310995826 -0.2742946116543621 0.006976334361759484 8.271307642424539 0.5998157932031987 1.238921524919753 -1.973524391225489 -8.693179113978381
 0.1464772326927672 4.27827044709764 5.820525994618784 0.5478437951301629 -0.4890027770220442 0.1184459960769502 -0.1159339289644024 -9.515821028762289 -9.274419242919315 -0.1771618893600859
 -3.32315182400027 0.09457501269034196 6.064117736565152 -0.5787175951359842 -0.1779865393020188 1.021285458547048 0.8513649661389096 -1.131080800361026 -0.4185827200221155 0.9310906980780871
 1.838994017863875 -4.019389332692313 10.87764937025065 -6.03951718417742 -0.2103994168921517 -8.544780870814563 1.729611795282587 1.827624348472298 0.6499916152739829 -0.6289109105188189
 3.256428645411923 0.1795444805340409 5.456643050415963 6.858991933001434 -13.98492026543316 -0.3413968503540161 7.949313070510428 -0.3502131776716411 -9.837317749188365 9.89110737142245
 -8.991294877668217 -5.004286024136498 -0.2989075662756449 1.482663230173316 6.049726109409718 -7.004425043357521 1.714670459797809 -0.8698234360516537 0.4246775050436753 1.931005614143878
 -3.831796230728131 -0.1646645592246969 0.341161715050788 1.634845315631203 15.21799714479604 0.3229324204315347 -2.009711799975783 0.08785004006320918 -1.207238728103412 10.60759576235851
 -5.804686408333332 0.8141950123452375 -5.789479387891141 12.48632606544787 -0.07887843098622227 -2.006405240037573 -0.5998583675596834 7.918161557115965 -3.595616131545825 -1.213767146192559
 0.01829957504925517 -4.811047128036819 -0.1215487054197411 -6.154459221084977 6.640168055907125 7.849316846348167 -8.112875958757385 8.721945307896675 0.1558376144659235 -18.74966283273238
