# Created by Octave 4.0.0, Sat Nov 19 12:17:39 2016 Hora est. Pacífico, Sudamérica <unknown@HEEC>
# name: DatK
# type: matrix
# rows: 1
# columns: 50
 2000 2000 2000 2000 2000 2000 2000 2000 2000 2000 2000 2000 2000 2000 2000 2000 2000 2000 2000 2000 2000 2000 2000 2000 2000 2000 2000 2000 2000 2000 2000 2000 2000 2000 2000 2000 2000 2000 2000 2000 2000 2000 2000 2000 2000 2000 2000 2000 2000 2000


# name: DatF
# type: matrix
# rows: 1
# columns: 50
 120458.9962807395 47239.96872708367 190983.8378937818 266746.9401639301 139110.2986059608 45870.80416588572 120432.3428115921 177771.4330109591 130627.1912816109 181023.5249110741 227609.8107307196 43349.88152110195 48357.18325858896 109248.975308506 82449.83474796914 123013.5835602691 224256.3433422267 160706.0531108434 89951.54844230022 153252.1581740137 22674.36899381044 235273.119111653 44877.74057777428 230976.9745423356 134126.5216739014 69280.25759667328 125932.7436604317 51634.69358218739 83077.31161446524 106625.4410325754 59640.68342502587 264787.3170415468 153277.8422826552 54356.26397855645 178011.8103015791 153702.604001624 98703.06510948713 86012.32461605084 123365.465695343 93317.27306588431 91976.95785631337 161342.1173527582 142495.8948196477 128660.0808170677 60808.04300862431 194764.1919938618 135194.8006152592 95515.7348758046 177987.7443536355 151994.7586026792


# name: DatP
# type: matrix
# rows: 50
# columns: 10
 -0.633554246715569 -2.813861705574539 2.16602498553781 3.293434091586548 -0.6601312371373389 -0.04012218209940244 4.789812950489058 3.441054148709952 -3.231373791343895 1.191248706464823
 0.2499879061817865 1.307511647020245 -4.17632122336197 -3.518908760337144 1.64743593149219 2.153573753123197 1.102175665865708 -1.01772652801721 -2.473356174698413 -9.929796654578176
 -2.712227089825966 5.144793852264364 1.440453927526907 -4.644880214195513 -0.6246598380772639 -0.6601650403269197 -3.348431044099332 -4.911932775407795 -6.049206347666814 -24.22388443691873
 -2.246264364687018 5.741584773036941 -4.282990069308909 5.412271705677462 -0.9820057108035876 -0.6494657401623485 3.842563449774246 -3.541153345662263 2.09907059653424 -6.018259106382192
 -0.1849558414052659 -2.268551453355276 -1.567685689434771 1.443828781767884 2.138077677602396 1.578720901190152 4.662531135085977 -1.582554467414941 2.858035296096986 20.38797787671719
 -0.190746901307822 -1.491276333137186 2.420464282597479 -1.857960950375727 -1.484585453992153 1.373728031713995 2.502687171574962 -4.079018722071922 0.1305443694674331 -9.849794182446068
 -2.263497383257583 2.728928296012533 2.479325318884072 -3.864301221468725 -0.3694918958993831 5.235602656662408 0.1817373312134656 1.354575184115088 3.960259691679276 -15.75923684019086
 3.055684984349732 -1.999924444182398 -2.423157719215325 4.857190321103971 0.1564530789893581 5.113619250328263 2.295063593003121 2.874809130546851 -1.373597573939492 -11.47041242338807
 3.122125802795495 -1.774816145745511 1.268760842914407 1.094823603262824 -5.642169805465201 -2.224241587821073 -3.262687740455714 0.6564879376043393 4.227299494336172 -4.975855281659257
 -3.416591934777369 2.642760367282463 0.6229248593177736 -5.43448488353118 3.674417919895561 -0.5788990061688111 2.999999140022737 -3.141078665060505 4.425709978745019 -20.74646844609628
 -0.8772988361951128 -2.62598499800572 -4.632026602298204 -1.477826666370198 -6.438926456190927 -3.745079673402639 3.545936637777729 -2.142167356589326 -2.963341025872946 -6.154222958317543
 2.204019182092637 3.13619642212246 0.1125925880752341 0.1409093392523033 -0.5764773238939398 -0.7000103795423449 -1.743162806443927 4.369387791461456 -4.521312364644945 -21.27794534796638
 2.16605970718971 0.6614791503585913 0.8536352511426735 1.262022320726157 0.8103610642054342 -2.539942181731512 -3.366563686989473 -3.538422477625808 -3.143225191009282 6.892479845225253
 2.842305707738745 2.730070679947609 -2.087835813192292 -0.3088025337913756 0.1265719246022172 2.007394328458766 -4.937367892121017 -3.32003590826691 1.073162150215534 -19.45774980734264
 1.250680850872641 1.572282844419146 3.957771653489509 -1.406516570415448 4.203446391615401 1.913170932559218 -2.920977734350274 -0.2574231261044204 -2.291431018650012 -13.83099748513253
 -1.410486822343419 -5.387851154114639 -0.2262903585962945 0.02869103112064053 -0.5306516369005578 -0.51834470407859 4.003447579392741 2.158539476433504 -2.150872987087634 1.100329454394434
 -2.05759308140119 -0.4328384879140081 -1.50707616260798 5.683009584313986 0.5197107431654509 5.452912625728871 -0.7385728237302267 -3.251725227031102 3.710836248914084 -14.14897021506854
 -2.332881862141523 -1.263907837538923 5.055494166913427 -4.106286506661586 -4.334784534543665 -0.4308455829872671 4.179621641064095 -0.9051418386578973 3.627875617834093 3.478515669697551
 -0.4000782051756673 -2.665687879573547 -4.557915184645534 -0.6771466808738076 -3.840775192942456 -3.041474100585258 2.780207135376969 -2.689227942603509 -0.9613024967356623 -12.07552354844854
 -2.709483530682256 1.647677188204078 0.8426893699569007 0.9247796452208839 0.3547475345570597 -4.984350686604543 1.491753601705106 -0.3621292177470998 -6.99817936128693 -23.16052885701825
 -2.873923396939858 1.421348741197491 1.936274459305366 0.5087503498275581 2.358310687352386 -0.5734413419764444 2.27561649427323 -0.4197981835299451 1.85827949631117 -9.235440269512068
 -2.298115571750074 1.922909919223386 -2.160463076336018 3.732886302981328 -2.595853037539744 3.014129962478378 1.316339800642996 -1.728382208595328 4.439253411887364 23.18825374558691
 0.1604058853173775 -2.431468155530119 2.299363246249683 -1.053810549411587 1.988601257136896 -0.7311968625533432 -0.3099543462761254 -0.9099197020176781 -3.040244604610997 -27.45740507445358
 0.9402327238703414 5.282012520179052 -2.679760051680823 5.496041877554937 -3.1577253781808 -5.053976948961513 0.9508715716319323 0.827209639201854 -3.542314410873171 -14.75659053596678
 2.148086562367233 1.193765075705592 -4.774989561715095 3.658746908707741 -3.177671138758502 2.007729630779075 -0.1984960316896824 3.557902585938386 1.759544306925598 7.3448299733694
 -3.698467837615407 -0.1430791599069785 -0.8768524980504253 2.717408039400397 -3.138718286039094 2.762986272366803 0.9531385273030111 -0.735063885395661 -0.2285261578165141 15.60768954214437
 3.802138737804675 2.726916224030653 0.3837620835387341 -4.066686780564911 -2.340473537926609 2.25971799725108 3.891785191220961 3.539639548738286 0.9555843479856385 -4.528678381588659
 -2.361406581924133 -1.639302800205442 -0.2236973540404712 -2.216048362108463 -4.223422463359586 -0.7892774157433351 0.585563381856069 -0.4434988343841226 -1.168780678100273 -15.37986209511053
 -3.116401502623482 -0.8353725775403618 3.743339346923442 2.464615322144219 -0.5084723033273875 -0.1737940763361365 -0.8259701080267625 3.981069996183564 -2.044800965606594 -18.8842408864083
 -4.686816357384203 0.8333257788315969 -2.230681086050236 -2.978545699891566 -1.530770585206056 -2.326828414781929 -3.896366072380165 -1.520144314773933 0.6391156200430856 -17.38472893643792
 -1.962767823271825 0.9231269204891959 0.88411027957671 -1.582851954473501 1.668791482781369 -4.262063663713217 -0.8307218472972018 -1.7245051865136 3.221206149622247 -24.86610212824859
 -3.787763886933853 -2.829877588258412 2.269188689290118 -2.931573705948658 -5.934571063840789 -1.343306986992815 -4.470371577803661 4.884599749325282 -6.109244480208972 -19.76782082553633
 -3.542826969163382 2.296646920324108 3.118212808706737 -0.580908654165416 -1.971581129575473 -2.068318685844194 2.21023734841966 4.479794366665807 -4.339031052908776 8.99744465306776
 0.2769113048909979 2.854405824957986 -4.051608543408339 1.529869641991837 -2.611721930727629 1.341555132995691 2.262353912785571 -1.562972923012751 -1.068492730456519 -11.03672391742387
