# Created by Octave 4.0.0, Sat Nov 19 14:21:28 2016 Hora est. Pacífico, Sudamérica <unknown@HEEC>
# name: DatK
# type: matrix
# rows: 1
# columns: 50
 2000 2000 2000 2000 2000 2000 2000 2000 2000 2000 2000 2000 2000 2000 2000 2000 2000 2000 2000 2000 2000 2000 2000 2000 2000 2000 2000 2000 2000 2000 2000 2000 2000 2000 2000 2000 2000 2000 2000 2000 2000 2000 2000 2000 2000 2000 2000 2000 2000 2000


# name: DatF
# type: matrix
# rows: 1
# columns: 50
 5.810016758129694 10.08103323203777 13.36099204688255 9.015922351913984 6.88309332165366 9.485359727881793 11.11910889447925 8.121956768553558 8.569310691197652 11.55934756620229 7.123390151938862 9.984299096362014 12.64737546589653 6.228409318373394 9.61156066331081 8.371964107124946 11.15360244214022 10.48259997308099 15.55421408880315 11.18655918751037 6.16085503298777 9.304179791078694 10.32819231978792 13.99582491422508 8.309866388481705 9.04155838047364 11.63438538838365 9.545186282101234 12.63602657858674 7.98825890860727 9.918433372820633 11.92484573051441 13.12020054483837 9.477551964560902 10.20422293409222 8.66754854211627 7.62509598531781 6.734454901067852 8.505379150926569 9.196578019090293 9.868030449494483 10.84688877024786 12.23626873752189 9.012126070005767 6.784326897243858 13.37154628278139 9.758853903978844 8.566310560111207 8.074239988418157 8.17014702434526


# name: DatP
# type: matrix
# rows: 50
# columns: 10
 0.5298764053173102 -0.003181111051166141 -0.02287285456079502 -1.421552452603848 -0.2331946922370065 -0.07780191949684934 0.06511755437719913 -0.05267936122440986 0.07230095000529602 0.04612081814234159
 1.104150346755983 0.2940621411928923 0.381413313726064 0.3581652589585786 -0.1257953251207482 0.2356303081707978 -0.9192347725101335 -0.3345923157852084 0.3001119521925837 0.2708454428741511
 2.863308372773524 1.499039209294551 4.799400578535639 -0.800207851089727 -0.696568569993083 0.3503053489570007 -0.3477730475518435 0.6186521147088726 0.4144383380575292 -1.775290529760035
 1.977002115629126 0.007073932583814724 -0.05342919995205619 -0.3450183612133912 -0.02009222082962836 0.5320793021842576 0.02771567183119927 0.3264692727410221 -1.0299276663782 -1.633936843474324
 0.2329142327746325 -0.1595692321735989 0.1598182294311847 0.3397456316000351 -0.08806054797795682 0.06889935290934801 0.3622772316251606 -0.6684792756738425 0.2878958656131445 -0.06117873562294562
 0.1330450389015212 0.4798762870000068 2.495695777463418 1.748051498590712 0.1116668108535244 -0.341045341347435 0.05958877011840613 0.02099321042807745 0.1795847986706391 0.1797033205822842
 -3.983113870230213 0.08473420405615428 0.01791981515454566 0.05773458770823581 -0.5438828307801877 1.872361061443254 -2.475682319211479 -1.832918003757943 0.05089592480549143 -0.5059658310624471
 -0.1677226699304519 0.1445787167086969 0.4581109196355619 -0.6358465888030302 0.4249301665826586 0.5689899566373882 0.3882698802866678 -0.3415337688696489 -0.09453067775220347 0.380725675322882
 0.891782866047734 0.2984462726183637 0.4432037826067621 -0.1855597229316004 0.07610610387025574 -0.9836162883684523 -0.2501822103752147 0.7418109994712196 0.04056922304702226 0.04105671715482728
 -0.5044074546372066 -0.3794088269299927 -0.02129536663234788 0.2345426222111513 -0.04746351040925845 1.313582125086498 -3.941805942989905 -0.8582692680564463 -0.4600865182241805 -0.1625278501070753
 -0.8530984477609778 0.6199093823948907 -0.7295356537094726 -0.000377396581825451 -0.1126363499589509 -0.0006439591652451782 0.03954147347943859 0.767870983791699 0.02305878219888058 0.03579668928981405
 2.409624590575191 -5.976444762014559 -1.567051410685568 0.9827901554954082 0.2853131470604104 0.2203275813282914 -0.1074111943581606 0.09361654886569681 0.01456779783440254 -0.02710594310886094
 -0.2072868819688729 0.2598105156450963 0.009188780231859539 0.3484376907275397 0.88066158955451 1.153787822851111 -6.226070837125214 0.1796057873163406 -1.326870680596883 0.4322652776049232
 0.457134973558329 -0.2774509629219004 -0.4824916335842175 0.001936580092660733 0.07090584666918431 -0.1699648681553043 -0.5329324320978515 0.04382437503413072 0.02267344706526586 0.05081624204654034
 -0.460656106579755 0.2460864858860496 -0.1784840658094069 -0.1737535266421872 0.2979073512781696 -0.7135444956754462 -0.3611197712874485 1.411028789053862 -0.3834322420065135 0.4493695083423965
 -1.022004478410075 0.2410517977934816 0.3108409757535924 -0.4991405928471977 0.2294880376850692 0.436592017113469 -0.3314070631953037 -0.05289010202437083 -0.7200728962659184 -0.1614162656825648
 1.300463746330298 0.584245934833767 0.8131852747745256 2.388087094470748 -0.9313881497936833 0.4619866015404668 0.2370962443185256 0.3559478940863805 -0.3974368953189682 0.3876398078777008
 1.108052321752538 1.407232958582796 -0.03574291888984149 0.09675199423336167 -0.0392132647266763 0.1622348282127533 -0.4696099040579327 1.848682490355575 1.732968361949801 -3.500559543912004
 -0.764551613656991 -0.6347651851780327 0.3931147069219101 0.9291538937495076 -0.3437249005677074 -0.1214956735112729 -0.3091853254321073 -4.914919283414669 10.45003095103353 9.749173797226604
 9.137925270060023 -2.29789167436347 -0.6409290786274511 0.2903851944304634 -1.313982417660839 0.07811514707107392 -0.07828549091762227 0.1283542064903749 0.1661471382705422 -0.2123273987037564
 0.4659255076062117 -0.02664421860574961 -0.1518573633349227 0.05823983093256047 0.1636436508035004 0.515835930719291 0.03679912594637713 -0.1442379070523607 0.243467641712634 0.2552112276955576
 -4.66659406095884 -1.810251404287381 -0.3683911692590911 -0.0876161999895757 0.1133886347180244 -0.09686971347955264 0.1387031009745812 -0.9203505072318166 0.2938583257767213 0.2108624260383394
 -0.06029022905755355 -0.7363744159836081 0.3082684788117227 -1.3380051126945 0.3691692750274989 1.34496326153689 0.3781568742764456 -0.1024964152294174 -0.3010016194005409 2.351281666462775
 -0.3903974391781873 0.3422105384655367 0.03077953847426329 -0.9151730058610283 -0.531489761952372 -0.3066176809900796 -4.975766238289886 -0.01932342279362231 -0.5402089351178248 4.824044544870794
 0.01014895059598686 0.007247983730856333 0.1674044777702584 -0.1722380782213548 0.464857360212104 1.327871044260363 -0.4951371812699072 -0.3119064176374309 -1.347832918282936 -1.265762989161217
 -0.617697153512033 0.2928193608843621 -0.1418815769376494 -0.7792820122001807 0.2781893829435624 -0.03417591166911293 0.5066466756493426 0.1759190643953623 0.3319745022693787 0.9723772547031082
 -3.733113110569079 -1.372661920423862 -0.227922625372436 -0.0642673591665357 0.7119279152818407 0.01223606936947519 -0.2844198218283829 -1.327923597647285 2.814914841613074 1.138560203045142
 -2.234964033716309 -2.076716117309914 1.312559278495712 -0.3762442969040194 0.1138265510690992 -0.115614388369174 0.1237362888333564 0.3797406940888131 0.4052764991232891 1.329101725324406
 1.400283273825515 -0.282901779601417 1.019646084360847 -0.0192291373514486 -0.104736818711995 -0.09764298502895841 0.6213440667039514 -3.87493964003977 1.773958780133192 -0.5699178376294824
 -0.5215470645912532 0.5284460852731421 -0.1299021838987109 -0.3794182092591463 0.575311847160787 -0.4770282443227885 -0.1596883682124464 -0.03944087416133613 -0.0001761288058332866 1.75969332297587
 0.1041038346284999 -0.09752219138144724 -0.385340083057951 0.3401250384470949 -0.7903423703744821 1.086558858852264 -0.04625538141230834 -0.1714571860704126 -0.4983919643659647 1.022417979848818
 -0.4312813184609965 -0.2342182712620655 -0.03741042060031674 -0.470138052469764 6.156584447886559 -1.044422074074685 -0.9153459486432567 0.02330374713894656 -0.1474726403740974 -0.3072159405840544
 -10.03002593364729 9.739846250849716 -6.156282835632879 0.9948835721579563 -0.2449811828685107 0.05624176158567451 0.06867637693182616 -0.04694588510578512 -0.05116451454346205 -0.07058361728019946
