# Created by Octave 4.0.0, Sat Nov 19 12:03:29 2016 Hora est. Pacífico, Sudamérica <unknown@HEEC>
# name: DatK
# type: matrix
# rows: 1
# columns: 50
 2000 2000 2000 2000 2000 2000 2000 2000 2000 2000 2000 2000 2000 2000 2000 2000 2000 2000 2000 2000 2000 2000 2000 2000 2000 2000 2000 2000 2000 2000 2000 2000 2000 2000 2000 2000 2000 2000 2000 2000 2000 2000 2000 2000 2000 2000 2000 2000 2000 2000


# name: DatF
# type: matrix
# rows: 1
# columns: 50
 384981.1013038378 89057.72067305213 129119.1795501816 179315.1888873778 11808.59279549917 221419.7788215257 748397.1954625506 328707.537791599 158848.5866481989 691884.3865475701 20045.00889275202 12792.35336411196 190238.7336550667 313009.31374456 103873.3866789818 47058.44967531791 81814.87192835378 198097.0291750611 58018.31727184558 94754.93389610676 75844.57610508827 535931.4160183463 76391.09328651175 90025.69096536552 235130.4056357338 34393.25320777755 432284.9712930591 128063.712750019 18608.51788483195 504460.9756182432 451236.4395879959 478020.1100018544 219106.6721777514 86789.34461302747 173712.309024982 82807.68411124832 248355.9636650548 130446.0557902683 132265.3589108824 88065.43563366766 568741.9365793332 70534.15097399462 263300.3908201201 238621.9711996432 246249.2832637275 263108.3539642935 397670.0420739491 175682.428808659 340982.0885139384 30946.55957899186


# name: DatP
# type: matrix
# rows: 50
# columns: 10
 3.745675954136225 -1.279502984972424 2.694120026365177 0.3377914752948854 1.838530471879348 -7.785176227205543 -1.032210794211124 -2.65017136885276 -1.331715916941295 -3.293484654926299
 0.6300464629663374 -4.078912444996675 2.660684628638286 -3.315531556666716 0.8285195086780988 0.6299809832768268 1.293346584599288 -3.72567006202528 4.077650667999549 -12.31051043616599
 0.1183322334055603 -2.972262538835796 1.544309140146236 -2.225437611952863 0.6595884421682605 -4.619150631292197 -1.252272573739223 2.93109763873229 -0.8719547338031326 -26.09881207894077
 -4.976092222073 -5.666884683901724 -2.812019486421207 -2.397813400286758 0.3291730363437892 -3.537409116664584 1.826469729796216 0.4000819516026226 5.460886664618975 -14.37159805689987
 2.254463906676627 1.437159902390192 0.4325598033305447 -2.013964657991906 -1.724660720148428 -2.303168226910479 -0.1015369150901293 0.6217534335615902 2.159830701795869 -9.744950067051601
 2.165187281163675 -2.927863032394207 2.565938156797131 3.887066163637328 -5.183851002980358 2.854283752579114 3.486409495465963 4.335362992164242 5.369242399752117 -27.31447432173564
 1.781639592820085 -6.015722269199628 3.726983457466964 -6.173746567834471 -8.220918684545016 -2.384908093711044 -2.337294216188035 -2.560930908523517 0.9066272688422998 23.7083660092264
 -6.262961590397264 -4.854818950930035 -0.8755009412660684 2.409177099263985 1.21038042419169 -4.499406795379855 -1.308402075584407 3.159137171545041 -6.524483482623076 -9.000424738386755
 -1.389862847437499 0.9595849081878995 -3.17422575745984 -2.073214476960924 4.949461803239458 1.011911402775706 -4.591768371132812 3.592159668290691 -1.608216642190754 -7.555676060017099
 7.34267810815922 -0.2163194991319095 1.201213253690369 0.1380248589249611 7.541722942203286 -4.378769438384897 3.343792240387614 0.04079902874767782 -1.552394697420414 21.6894482382956
 -1.146851765562268 1.572918216581069 2.869718417453321 0.7297846462740658 1.273820543293617 1.94162313867486 -2.46123569665766 1.126015781056708 -4.662600871756389 -20.40344925427272
 -0.9053525629232411 0.2350367809142284 -2.349980762348743 -2.877050125237364 -0.5538036270359541 -1.863253072198734 1.891385883329249 -1.049864390598533 -2.706495092873144 -11.14017250574865
 0.5234810632923868 -3.738019777969146 -2.929048815542892 -4.469927188069477 0.8570437761326097 -5.365500098210184 -3.019042030912733 -0.9848248869920866 4.163261586958619 5.874955907671279
 4.935699165484891 6.21188537224608 -3.861073232741418 -3.503101325162337 3.926607362221993 1.026872501252935 -3.502849768313812 2.847217911887896 0.4305185658180832 -4.383268540436241
 -2.985982729072006 2.600629313522042 1.874186903307304 -3.320850188605 -0.8024003252019618 5.065662959400527 -0.4604980165736023 2.516595738209176 -2.287864879610687 -11.11684932080708
 -3.80433969199094 -0.8385039618322843 1.026647610916395 3.373304582740616 0.8414565443043465 -1.156288283938153 -2.87342250592053 -0.2330990920474818 0.1355689509820301 6.717731469158679
 1.147522418769903 0.5557930883429023 2.932156437139319 0.808583178723719 -3.992373313207274 -4.401009856332532 2.811748343586089 0.3547038791387926 0.9321433229260343 2.195152024898739
 -2.49221785740928 -2.628920629606572 4.976177674102452 -3.639270809520568 -3.660292911894121 4.975395334490692 0.7712841097152427 -3.773096934158978 2.36878523682423 -9.174236405778334
 -0.5682706143948657 -0.8674267704471887 -2.947343154676627 0.1421861530344728 2.357144515947184 2.565458861402078 -2.933012256083142 1.80539353025943 -4.944685281366169 -7.116034140833214
 4.395979279847232 0.2948525399281543 -4.1351067610541 2.642928084581072 -2.276614870890878 1.224227818703387 1.075299839859394 0.4758849187332785 -0.3310199462524288 9.016931792029041
 1.07711445930461 4.023208506563627 3.535078891430686 1.062687055265144 -2.576893417747286 2.799808499815114 -0.1991053854091653 -0.004576995661413008 1.045930347619148 1.616020160101122
 7.587465421891089 -3.461008432035179 -4.003475760704536 0.7810142768819617 -2.374562007710097 6.129446815535751 1.938439215347842 4.214258599780997 -3.038017230240293 -19.2681661607178
 -1.22060727396385 3.558003955998679 -0.2633042925574607 0.8887093322763491 -2.264697194416172 -2.913053976183541 -2.209963007255475 -4.399766265391371 -6.158580307816155 -18.89601152656623
 0.1866985065773292 2.241530196690512 -0.0985669724742344 -3.380878521851066 1.19980120543114 -3.096973516870182 1.602321849688089 -4.687634844335378 1.832927590832544 -3.606085611221356
 3.028336038599292 4.752892010469395 -2.745683920013786 4.204744434859279 -3.338156997172828 -0.8905040720409403 -3.550272384230585 0.2466525495858569 -4.77906516085093 10.60953858825143
 2.554561630343009 2.566922008329648 -0.9737970688283646 -2.50007844505717 -2.196098483102283 -1.460944016045197 1.874727489732209 -0.9142459551466473 0.2130723317806904 13.19284543402609
 1.210874727831843 -4.867005964474508 -6.970106034547797 0.8387012999908983 -0.06879489698810204 -3.992244331597242 0.8541485438316663 -0.3888239268693638 -7.879917530097263 -27.02125600286038
 -0.3708143072893755 -0.7466019083683442 1.858267721101456 5.559362959825705 0.1639502633317207 0.5557093512202798 -3.116671052951567 0.6189213112617082 -4.159299628967492 -27.19223507428723
 1.305794595492721 -1.053475891068096 3.441659638295683 0.2926656047477927 -0.9636332860017909 -1.661840147400344 -1.011183668098067 -0.6999031056972846 1.753301546206561 -0.2876290270708424
 2.903599349404345 -4.436284393518179 -4.773523010567054 -4.533237943082472 -0.7726255322547999 7.163284282939607 -2.230076560765365 -4.519561119536338 -4.74060629499467 14.47311007214419
 2.651790573338666 -3.660153640461122 3.437694467787367 0.8579227639992126 5.239508004938436 -2.482462715063306 -2.548423237087761 -7.855734459679166 -7.023502487097197 -29.5759731357062
 1.52026603435981 -1.497491324163544 -4.979778507999963 -0.3614867621130209 8.125517049427913 -2.474728065783417 -0.8720499632462371 1.793605627473692 1.966895965044358 -1.422458657754234
 3.742866233509396 -0.1245640169964872 3.18418064143151 -5.102367417180268 -5.313602149431347 4.570934506113709 -0.6894280041439629 -1.915980739897272 0.2660188224856626 5.431729894167283
 -3.614543248216808 0.04433207340302303 -0.7338804556190865 2.017586282883727 4.543278129999223 2.110703554655728 -1.023915854540085 2.867802151552375 -0.5434949922624064 2.911384129777538
