# Created by Octave 4.0.0, Sat Nov 19 13:47:38 2016 Hora est. Pacífico, Sudamérica <unknown@HEEC>
# name: DatK
# type: matrix
# rows: 1
# columns: 50
 2000 2000 2000 2000 2000 2000 2000 2000 2000 2000 2000 2000 2000 2000 2000 2000 2000 2000 2000 2000 2000 2000 2000 2000 2000 2000 2000 2000 2000 2000 2000 2000 2000 2000 2000 2000 2000 2000 2000 2000 2000 2000 2000 2000 2000 2000 2000 2000 2000 2000


# name: DatF
# type: matrix
# rows: 1
# columns: 50
 18.46522752598324 17.88573571633087 26.88429452890653 23.54552883535916 18.98112724475818 16.09200461890987 12.14034395287948 14.49732220772141 20.26199317486842 11.95402496622574 26.96707931923115 20.34555352449792 9.021238361023821 15.88258774779621 22.20535435917045 17.22830407389978 26.32629047373157 20.0285616355588 23.785432367171 22.4389167783611 18.7672967076447 14.97015700713008 20.8789353192225 16.38909522450873 13.8096218035529 16.3404013575082 21.34855082915901 22.55031153283395 12.67405805696361 22.7759536171356 12.30278132844411 14.56361185308383 19.04968310785734 14.87894951637995 16.81728573226479 20.95866860704008 15.95165409976511 20.72497777264729 20.49380242158387 17.80709124670664 20.02542701893148 12.85874708621369 17.82464760655197 23.79924524126386 20.98291956993533 24.62623433415547 16.93135695265318 11.27733538193081 15.71906531448562 17.18097895587156


# name: DatP
# type: matrix
# rows: 50
# columns: 10
 2.022842637948509 1.047621591955595 -0.9166136471621327 -1.017833184570029 -0.9868620498922747 -0.1069684738301078 0.01676199216407781 -0.06253314133779053 -1.992501186407699 -0.9467213052207573
 -0.009443351440200587 -0.9341581266813899 1.998525568820176 -0.03479035150285092 -1.971850047163111 0.03618858132537728 1.988240223280651 -1.004658623829343 1.020743849098658 1.045272288218295
 -0.9966448604760565 -0.05847698312295346 -1.947681319094464 1.915598336136868 0.04374840412320768 0.9048753079465301 -0.9920897356865472 1.908528288355945 1.927168201035872 -0.9256745824657679
 1.860838796547184 -0.9567909008706685 -1.024057988420129 1.038488706842171 -0.01031783003367526 2.064966650806491 1.899506435594373 0.008080506511091379 -0.02719661202301538 -1.062161905288974
 1.958266215524914 -0.01532011423271129 -0.9401951736652716 1.013382312327546 -1.90306701367243 0.08510559719117783 -0.9358545335077784 0.9150826984337987 0.9560791445965595 0.02180755298600534
 -0.9452411368185514 -1.953229949525799 -0.02595525395144005 -0.002900082580766572 2.020180602200127 0.9197176722876588 0.05543069880496088 0.9985633932499223 -1.029795657888097 0.07669390913154839
 -1.960414347551126 0.9879768328068019 -0.02812510725131201 0.008875389285449842 0.9669691034849306 0.9703548335727126 0.02477535959351229 -0.9158548563412907 -1.035376277089202 -0.06804471489091579
 -0.9862895359543202 0.9989658693669403 1.001432275965645 -0.9337969579243062 -0.9723494272377309 -0.9579228577460013 -0.9481025118077238 2.059665121860887 -1.009541060969128 -0.00168208535761849
 -0.9405406155878193 0.9468570896679509 -0.9540865716780109 -0.01957336831852174 0.9771447855677771 0.905083704187601 -1.894857479384918 -1.964540499649335 -0.01480145540099187 0.9097839695653951
 -1.008176144257073 1.073848906502491 0.07492236588204815 -0.05862363893581346 -1.050013798892687 0.0173906406388955 -0.01358988974253261 -0.1570039929833511 -0.05145866449959779 -0.03399546455616687
 0.02333974901603764 1.998808195121228 1.91057306086172 -1.034111742496564 1.915881182155542 -0.05800720278215898 0.9812422462251655 1.95206856993516 -0.04978875387496196 -2.058361174441949
 0.9215274578772483 -0.9721988131549164 0.002553858645279128 -0.9077581157973889 0.9572008544648796 -0.05945616941942333 0.901890977888411 -1.955443253196103 -1.926873544803871 -1.024137549817564
 -0.9365846381777123 0.07005922127566055 -0.03604034293469205 -1.037043693706488 -0.9521384908700723 -0.9439790069753071 -0.01539238978188529 -1.010031134009259 -0.05504463467786991 0.03621202927109124
 -0.02021486211582868 -0.06228759501174697 1.993877006075882 -0.04752894092385773 1.980370902619764 -1.093413378417997 -0.06346891831652801 -0.06062976051166036 0.9191083763979195 0.02550761576760507
 -1.697544008472107e-005 1.006576157480351 0.02989618595711274 -1.895570444217705 1.878226218870537 0.0009776914492318767 1.064932380587161 -1.922871036357267 -0.002334700413065605 0.1077541162453981
 0.07700122993495473 -0.9925611125377518 -0.9940292066780536 -1.036638201519939 -0.070226864554499 -1.947566550276443 -0.02597384426761717 0.9496249074930505 -0.08481541771503398 2.042464492075105
 -1.002251840129336 -2.013320558942602 1.91250318435481 -0.9092784033409353 1.038172654256328 0.06055824104740548 0.8805488703836497 -1.009716764435068 0.9428326285326536 1.898112494922084
 1.042003325119746 1.044041282951977 -0.9860981552747115 1.068900839880436 0.9549096769536476 -0.9307507276975286 -0.003955111093848274 -1.908291427320715 -2.013590600989509 -0.9397312235528057
 -0.9697336884286036 0.0433771043646507 -0.06337555397348016 -0.01391429599384697 1.894483996531741 1.855254539972631 0.9296337777071288 -1.051618375301562 1.91827787955756 0.01400595914582681
 0.8375990567789824 -0.939282591536025 -0.05412095483431845 1.954911105535247 0.9634996666456823 0.05487821366677892 -0.006102987863167542 -0.02218233395383962 -0.896583604409364 2.087796950094692
 -0.9370604054325451 -1.906932748309242 -0.009380057118901775 1.044213454172162 0.9468347543174378 0.9527899282867498 -0.9550741675938124 0.9840902561393454 -1.97302381304597 -0.0776242945721437
 0.02189521785841375 0.9690325054224305 1.963541699773949 -0.009791411869299438 -0.9329601071470313 -1.029214003801384 0.02305068824457024 0.9770979486104414 -0.9734775893833536 1.944076451114554
 -1.898422586894437 -1.026174812883155 0.9580177624220818 0.02861488368383025 0.01425396952788471 -1.881635193354171 -0.1148997396611584 -0.03984636377572226 -0.9030243625185035 0.07286806386017197
 -0.9913083886799816 1.025835996463909 -1.050280165866209 0.05938218835784514 0.9494596416199741 1.036523611962886 -2.0257679825051 0.9745470350679133 0.05799343947363411 0.8868667371263061
 -0.9269287321411461 -1.969857409350006 -0.9432325140827977 0.04274457883120863 0.9819135369804419 0.9887113707212025 0.958847923621061 0.9775272437628706 -1.009099092006575 0.05542959455441032
 -0.9423402021521348 0.01566040787857226 -0.9886963223365361 -0.9152643151275353 0.9522004268015163 -1.976532839662807 -0.008690788485172796 1.002550076067291 -1.998020793027812 -0.9672667063470524
 0.05794702712488586 -1.906110937720995 0.9153930402986257 0.009185064025290401 2.054667218230713 -1.919763255245051 1.02204656180738 0.001715422682476486 -0.9583501518959991 -0.9923650654105032
 0.002142802216128281 -0.9168822703949768 1.828774628466263 -0.9970906122473906 -1.015626171424924 0.9941255853769988 -1.893649941435823 0.9253271353684633 1.002684029459799 0.0123733073846406
 -0.9698425031896463 -0.9537049243296041 0.01879947405322202 -0.9239669788323512 1.013330225393099 -0.006714126803029963 1.964777104384591 0.000208848975600695 0.09861712586206384 -1.021789185747489
 2.050315280236321 -1.043779651492978 0.9014419632843156 0.01445332642655117 1.905382739729141 0.08174230057805687 -0.9879906801578766 0.9321316672556872 -0.03802604619441308 -2.023449331201435
 -0.0413489955294164 -0.1091121910147859 -0.987994335859752 -0.01222478318968356 -0.009183172397382755 1.911359553462763 0.0009301352128456841 -0.01581172388058505 0.9883497403261448 -0.9087369812718586
 0.9981537378279475 -0.9956370882389862 -0.9386049840295065 -0.9979067840127236 0.9955151890663219 1.01786661458011 1.043634252518558 0.9653354080464149 -1.98589542237624 -0.9588886162335903
 1.014878692820602 0.00863335680222832 0.994947604581502 0.07077394705317275 -1.899647661573105 -0.931225184842269 -0.9576846011425202 -0.07364959288442119 1.965164025849991 -1.074970994338764
