# Created by Octave 4.0.0, Sat Nov 19 13:28:27 2016 Hora est. Pacífico, Sudamérica <unknown@HEEC>
# name: DatK
# type: matrix
# rows: 1
# columns: 50
 2000 2000 2000 2000 2000 2000 2000 2000 2000 2000 2000 2000 2000 2000 2000 2000 2000 2000 2000 2000 2000 2000 2000 2000 2000 2000 2000 2000 2000 2000 2000 2000 2000 2000 2000 2000 2000 2000 2000 2000 2000 2000 2000 2000 2000 2000 2000 2000 2000 2000


# name: DatF
# type: matrix
# rows: 1
# columns: 50
 0.7981589035082854 0.8763103317005887 0.7470946838442105 0.8456683196976786 0.6465302767424256 0.587655786574485 0.5291608685950551 0.7532676812626431 0.871831335615206 0.8767584554676928 0.6181570783754705 0.7918898250746845 0.8051806916259157 0.7248801232513929 0.7780823849096929 0.5673592831458821 0.8238123831499264 0.6687708958791176 0.7012387893465779 0.8428221993877764 0.782385695315813 0.762262033969159 0.78975288562276 0.6597859101500956 0.7335149764259592 0.9057434424013514 0.6391394389749482 0.6825851348367805 0.6349769350907875 0.7751099932546387 0.7239891825544825 0.7785714585956144 0.773036892439013 0.5189752886192495 0.5662320818428557 0.5669773916766379 0.7484712814058387 0.7935841023540564 0.721723378387406 0.7289583232796808 0.6267568685924341 0.6461166385765207 0.8219676831766043 0.7345370459338403 0.6677214396645432 0.8350936912087401 0.56217211384498 0.7888086248559644 0.6308751658028364 0.8551317359410812


# name: DatP
# type: matrix
# rows: 50
# columns: 10
 -0.4259232870485263 5.229367369206763 0.4283763198604262 -0.4605503500447057 -5.969805287855678 -14.74598640549151 -8.824540659824223 9.55451895602851 -20.30886573372328 -20.41504814903457
 2.720198958152395 4.264905092763243 1.440845040134661 0.06201704213714265 21.4756933109779 16.00286596409751 17.1006088043824 8.525408006024485 2.290657361893217 0.5835893107819956
 3.285251003902239 -4.404128650416538 -5.32464645935336 -14.48328543025535 -0.4876506754503538 -6.653911018708328 0.3008816730019177 -0.09225204908042883 -17.64334378664684 1.510242465111794
 3.58857032120212 -0.3131003807087041 0.2436273752666622 -6.593101489721988 6.018483721578392 1.383003595721114 -1.294349901173788 -14.64912968027843 -0.3616351291842506 -9.364353742475366
 -3.749533765634396 3.468496338476569 -10.79686306835428 -6.215633606967657 0.9225639978021007 -15.16903107664363 0.04369523589961943 0.7163088612748822 -10.8901562605396 0.5268612319473718
 -6.22305524871647 -4.831451537897763 -4.338569886162382 0.3979097779396383 5.583326299852693 -0.6431544120920449 9.193676557569411 0.7432684456496119 -8.627233024943621 -9.221549085358873
 -0.07803015810175395 -12.37134125345835 -5.961220327895681 6.197837293581138 -6.977450313076567 0.01639355782573659 -16.52583809588261 8.960027769407098 1.047876699841296 -10.97780956175573
 -6.705651871067587 0.6458824981115399 -0.8417538193051257 0.4255759600259097 8.140489633531743 0.3440313701051707 -14.8112782065844 10.28257999938458 -10.09696282222657 9.439088198323077
 16.57799462588316 -9.252532936770194 -11.58421979249541 -0.2435746405810661 7.954209343968571 7.601001673681459 16.24689379993129 -10.20615593548446 -8.114176379384041 -9.563836153356135
 -2.940059275309011 -9.645909380887723 9.662644613817669 -1.187783326214401 -12.2574308859496 1.155612779121981 -0.7622298272970198 -10.02840863835448 8.572691711341186 9.955742643669467
 3.254023315051434 3.982047230741941 -0.5640706408944993 -0.01961701659640624 5.666659508420402 14.81836474883022 7.820689443413194 1.213140771006884 -1.046442721372884 -18.64727531716985
 -5.853160457678179 -12.95155903195605 -6.149187157694676 -11.13759133792077 -6.589572890203804 -0.4583592859948666 0.9823771807086672 -15.89135939445067 10.01042920130204 1.048202120865469
 -2.983387037741508 -8.80244015475801 6.687244887468012 6.964441716224393 7.166591900893003 -7.744135419086653 1.049202684181225 -25.57319850236633 9.579819634709182 7.838160464469034
 -15.46560865469061 -0.1237472680714973 -1.207317208946925 0.6541310921881234 7.955966487368599 8.353406517251962 -6.194468021436656 -8.854436429609315 9.881176652070174 0.4283761599712577
 12.23595257830515 -9.698574533613005 0.6711318702861462 -5.634759889613299 6.727074468705474 -10.13955978602111 -8.6972791887626 0.7199456563746196 0.7573934562522098 0.004986097292210445
 3.132526408947463 -5.001371981829834 -5.131189982107692 -6.332559273556704 -7.304100798917084 -9.101175781560507 7.46256085281626 1.919724204937594 -0.8428040975112197 -9.395452451698837
 -13.07120088500876 -17.50112628575835 -0.1801075608911376 12.80606341739513 12.94915204931653 0.4607615645458836 9.438475428541494 6.498504833558854 0.7212397736572882 0.969070198471826
 9.166637236793726 -17.34177072045654 -10.27979616752444 -11.71532110798736 -1.101107765635881 -7.784150977893461 8.377557073398179 -1.87984619183397 -9.028425970208474 0.07926787079675535
 9.325163495722634 -4.888371338579319 5.187016407812905 13.17891074164725 -14.38247756147064 -0.6927456831824159 8.791855178113828 -15.69969807730168 0.2538217036546939 -20.28173205942065
 -3.220281892711881 12.81502116568191 -5.277504936434781 -5.637792968041722 13.45120790134702 -5.272722664590468 0.1592409406386253 9.748799270400696 0.3907336533760741 -18.10883590675813
 9.637818668906803 9.296892759502313 5.702817077831881 6.823345816753154 13.13496650969967 5.825266350307928 -16.73839028796169 -7.125131093432287 -8.087775857127859 -0.09799425256469618
 -0.04758134959961069 -18.04678765953945 -5.763310037087436 13.22178796723458 0.9914506372760954 -9.327603806977393 -0.346826076156816 -1.879629320821444 10.44375788647853 -10.96451250137849
 -6.067213208876701 8.773024525779668 0.1011145969187979 -6.031660494278213 -14.57342138598012 9.26971891973087 15.3312174713986 -7.258208949731177 -0.9399851510815438 -7.766776598562288
 -2.524991770180826 9.320894492029147 -5.926903363484534 11.34731812304503 1.201568510942892 0.17428922615197 -1.087914776645526 1.046810816616059 -0.4515421722775983 -1.311954068070293
 0.7562090914241324 4.447409365870449 0.3266721388630032 -6.64479463671946 0.002320167868674616 0.6611222872840372 0.5603178395636519 -0.4979603058477551 6.324069969338161 -8.793712735458755
 -6.870589034458014 4.951693284106071 3.779779052232499 -4.299753625995706 6.135509213942107 -0.9864235134509585 -0.9962321089469697 -8.849765260000687 9.95001647603199 -1.267905765827223
 5.695712091943001 -4.666489399691876 10.93454733751145 6.83518109004293 8.555870233393357 -6.524608761862076 -0.0484003148358596 -0.7370451310186894 8.770772076658226 -10.80594897535848
 -3.366762525959864 -4.524457034908231 -10.74996846669887 6.714175532176078 6.856294822825348 6.386625312239978 -1.919852987932174 -0.6348661373982694 -20.03242248444624 -8.720233998936891
 -3.123760102292295 -17.35579157190601 6.26428867440724 5.314452179805187 6.629279185614571 0.5632721061834332 -1.471182261185703 9.372477545147717 7.994828629269243 1.01193981759117
 12.39197469709542 5.190050827927905 -0.09026490229197748 12.50156111515253 14.19507136921692 9.045044952707983 -9.104196622282963 -8.838224310656038 8.985357025866492 -28.79304150572242
 -3.249448493582577 -4.139321462711578 10.52944135914052 12.7069579148726 6.92693171182048 7.796903339529123 -9.676997769892914 19.63053598171393 8.591572618714594 1.900507331221796
 -2.684022070436811 13.67930477823727 1.169195170360737 -13.56542620038778 -7.488873154268269 -7.389063457101102 -1.755249938880077 7.43466629042581 -0.3242442660396847 -9.035717240803059
 22.10963785671275 -4.356202936064037 6.066000277274782 7.833849251308344 0.4544343697948108 23.51465527178654 -16.90824165731729 8.242304840458239 0.5701544488607126 0.2742830560694287
 -9.446212286147279 9.295655730019732 -4.854518512142796 -12.56874105425829 -0.7258240891594383 6.138918690936535 -8.156254006879095 17.31081094846314 -0.07721291226523874 -0.4633438420118736
