# Created by Octave 4.0.0, Sat Nov 19 14:00:04 2016 Hora est. Pacífico, Sudamérica <unknown@HEEC>
# name: DatK
# type: matrix
# rows: 1
# columns: 50
 2000 2000 2000 2000 2000 2000 2000 2000 2000 2000 2000 2000 2000 2000 2000 2000 2000 2000 2000 2000 2000 2000 2000 2000 2000 2000 2000 2000 2000 2000 2000 2000 2000 2000 2000 2000 2000 2000 2000 2000 2000 2000 2000 2000 2000 2000 2000 2000 2000 2000


# name: DatF
# type: matrix
# rows: 1
# columns: 50
 20.82449699786259 18.15428958669158 17.47020697110375 17.16423700449701 22.36886245686917 19.91678556475696 11.35082126402203 16.52657728497329 18.20059447358501 17.02796916628163 15.10986961534368 15.28274757709388 13.37302269700934 15.79877428877636 14.71429122814689 15.64097339797345 19.43124107094534 18.07050672531437 19.68088439465406 15.3259829848489 19.63724378254293 18.6321099392915 16.81119298645115 16.17670718711057 17.14652074305847 17.7739601815119 13.44136291908766 20.42465186935071 21.56337910230656 19.74382437491245 19.15091149857687 16.68317835195155 20.75499648571759 14.34514842375015 14.52562212692854 19.62110505828827 17.24808889263198 13.0835652201214 15.33340219473999 19.54052636485779 17.72267301140512 18.48247002807872 22.27991146077383 17.14766966352322 18.70070263339426 17.29031917987219 13.8060616800215 21.2143799234549 13.12108756558336 13.33851641667441


# name: DatP
# type: matrix
# rows: 50
# columns: 10
 -0.01614236403268432 1.989684927291743 1.140705704287543 1.090825751916061 -1.025137148544201 0.9777942923900103 1.028376504004034 -0.1134219252698925 0.04131759699464066 0.1223968378090827
 0.08088367600052759 0.1630632836010992 -1.046139117375177 -1.019413102239337 -0.02304827984439228 -1.922249546996334 0.9856749727276162 1.075347249254958 -1.025990713655963 0.003884292356698182
 -1.024169388905169 0.9711300464417665 -1.018346366852481 -0.1011727711938235 0.1448138761158395 0.9125850003651621 0.01501042295258248 1.028091733798415 0.04120196733653714 -0.8602472255069022
 -1.044238549292235 0.03416367549474053 0.06300358917610005 2.042526426441928 -0.03458658736224329 -0.01519094821076727 -0.9967504491357015 -1.186866732509129 -1.006559682831042 0.03967713821708241
 1.027087605267786 -0.003827598802772947 1.011308587685135 1.199304525451147 -0.02621448989976649 -0.08660616386744824 -0.8896906133433342 1.001646107405262 -0.9762631080743178 -2.063982677437481
 -0.9706969984318912 0.9278894743763368 -1.023520225778219 -1.980575803569959 -0.0672550776233205 0.0653300226857052 0.1180981908374674 -0.1241645964616627 -0.0330724005776073 -2.029885344631838
 0.01218622323134433 -1.931921181879093 -0.03624186348196456 0.929387568577436 0.0313924879955545 -0.03426842223877813 -0.9763880766626709 -0.9574042670870941 0.09686427284102539 -0.01206931661823241
 -0.07651250060703418 -0.9657051309640936 0.9339095745676165 0.9127652476421844 -0.01630065772694334 -0.1439178267504317 -0.9762776049670085 0.09030956242299215 0.8950095995208178 -0.06287191074387266
 0.9201886554501844 -0.03510382469769002 -0.9414987553352079 -0.04492369402232654 0.9260901987247498 0.9667010450060971 -0.01951379928752051 0.1510780322190186 -0.8952433023294377 -0.1409513944025163
 0.9920068265197335 -0.9208091894976738 -1.073762682348852 0.08196236852616057 -0.9821118024435576 0.1227204990023365 -1.056683209434389 -0.9653835876728802 0.0869319793215757 -0.1076684516303628
 0.004135210551351243 -1.028362270936402 -0.9308170114897862 2.004279552898983 -0.9999897463319938 -0.04174024347246252 0.9334761679612962 0.0679001328726585 0.0007169556245258946 -1.965582659370598
 -0.971216645210597 -0.06608610305983209 0.01973521929248623 -0.8120759369119481 -0.01625822100800178 -1.973240616745703 1.052537840500682 0.05604559015523414 -0.005803107731086499 0.01220002438881895
 -1.925019755861758 0.009397570751676021 0.02425246756541455 0.0992905860028932 0.0913922662667126 0.934883675544806 0.0637322396417126 -0.9726485290821634 -0.02561121534574795 0.07924263428954337
 0.04278134543479784 0.9663110305811742 0.9451566525244939 1.053517744884109 0.1184983330601135 0.1204224633806765 -1.960532996631522 0.07742450352814512 0.0454987285662023 -0.003901855759351314
 -0.06109394934072832 0.1250497874999201 -0.9462850311839883 0.02000943694278234 -0.04607674408737594 0.9577512968773787 0.8917633387138757 1.019388942837682 1.066377852306078 0.9355657769435171
 -0.1112513788425078 0.00815195370471411 -0.9980558441279435 0.9657769699092444 -0.007402418144101475 0.974817986085653 1.030687347248246 1.987822856209735 -0.05785273861182105 -2.018264473505102
 -1.027627128109362 -0.0529304653782523 0.09818942245167417 2.025033788807523 0.101404024400555 1.010857835456633 -0.9958464492557386 0.1451556726928187 0.970940729871006 -0.9041835272005425
 -2.015263444460691 0.8762147950072263 0.8986207201024712 0.9468888783896316 1.008168883964304 0.03533141549702368 -0.04651645440642138 0.9214171655915662 -0.07082002829811884 -0.9507534031266607
 0.1611582136538425 0.08573965039166609 0.03100549567513333 0.002416169010119873 -0.9585341211850649 1.148836342812492 -0.984584478407811 1.012992069914857 -1.016555512145107 -0.1377035592878944
 -0.9417208072984193 -0.9265749247812094 0.8924649290432898 0.0233073869721796 1.037964841619235 -0.9550812256778229 1.061085813835533 -0.9162936821274075 -1.024783323079354 -0.06736239951152978
 0.04522125329855164 -0.9670714868302976 -0.9241609234057551 1.081435220137656 1.033658019796084 1.0134452839642 -0.0748958685627068 -0.9874914285984957 1.969234388447725 0.1689039983985197
 -0.05666619684588436 -0.007967902086733147 1.986634175829143 1.08851681728708 -0.9691727454658334 0.9737668325450342 0.1236194599801355 -1.976101889363898 -1.034521176412778 0.06786025058527478
 -0.02226793345080136 -0.004350563846560185 0.9663886400009973 -0.8922912800749492 2.071739117704505 -0.9840566174385028 -0.9751420831378717 -0.1242477357024052 -0.0007164905592853543 1.075466436118262
 0.0605019531775941 -0.07544083368088028 0.0989823412529871 -1.904437989941685 1.033869692877007 -0.894696114330543 0.01885799925788056 -1.043279218271515 0.975409703895096 0.03837152797756715
 1.085261934295742 -2.02283814539742 0.9861158203777896 -0.01125895600774118 1.114688589096729 -1.037271827206112 0.970393217026797 -0.03347995217913891 1.012992846116344 -0.09851129513305601
 2.034167611129481 0.01265785519042861 0.9320531300895674 1.036328744039029 0.9424440651828077 -2.056496847994687 -1.049469403296895 -0.032229517512258 0.9759575822647895 0.9807055388089845
 -0.9185641093246417 -0.07833497386482691 0.9241595118932615 0.9184594539992279 0.9639797178353469 -1.026658003896494 -0.02165272232160831 -0.01936877381070623 -1.10716741752685 0.01934182960554143
 0.01037610817708146 1.923909970498673 -0.951082127808994 -1.013369773521942 -0.07682155590560313 0.8732040285010099 0.9867181669619951 1.972779927454342 0.03069202344886968 0.8924872425636021
 -0.8596467665272911 -0.04017737273156108 0.9919144822356749 -2.019414571128578 -1.045473627045907 1.063485739797641 2.005237479112731 0.1216055267685556 -0.0006942754611420909 -0.08740998584840742
 -1.965267151347691 0.9231125980310253 -1.018281678602058 -0.02344441544281572 1.064513956949409 0.8722446627605844 1.078033805981671 0.05379974905440577 -1.083479851752952 1.031001585319689
 -1.02949627456073 0.1114267352604035 -1.957637950307964 0.04318709831716205 0.9091657885602702 -1.001104664623571 0.1301324314261008 -0.1197423953199159 0.01517466489236696 -0.9369620805674419
 -1.978417992569 0.07950106095580445 -0.1640478566673416 1.03802150924514 -0.05505932617972586 -1.004144224122022 -0.990054649680606 0.08581141393694125 1.005416015580161 -0.02779585253467509
 0.0281111010538595 0.9430497263068034 1.006553729742638 1.990063406280751 0.08857117962156558 0.1328848162675635 0.987604427233074 0.1020849397413413 1.881634044698161 -0.01846820030374818
