# Created by Octave 4.2.2, Tue Mar 19 14:09:08 2019 -05 <ubuntu@algoritmosb>
# name: DatK
# type: matrix
# rows: 1
# columns: 50
 2000 2000 2000 2000 2000 2000 2000 2000 2000 2000 2000 2000 2000 2000 2000 2000 2000 2000 2000 2000 2000 2000 2000 2000 2000 2000 2000 2000 2000 2000 2000 2000 2000 2000 2000 2000 2000 2000 2000 2000 2000 2000 2000 2000 2000 2000 2000 2000 2000 2000


# name: DatF
# type: matrix
# rows: 1
# columns: 50
 5.042623781714495 3.754964646895341 4.204769244212079 4.167474654074283 4.564276309720901 4.097272805984736 4.495075181778082 3.818709771294532 4.047035723549416 3.840328441803042 4.070037335794797 4.428126864614716 3.875914508070317 4.702694432370073 4.757408862247925 4.629188580866759 3.311053036227507 3.704693710793623 5.136184583240565 5.353036920820543 3.622722592635564 3.31504942247657 5.139924017984055 4.443257803480495 4.274610639026416 3.696763265196627 4.16965846660879 4.354508894461826 4.228013590294776 4.184923059998176 4.335224050416631 3.90799960849869 3.96018748187803 4.894022257544739 4.52850213107053 3.074176725643797 4.782339535099021 4.507502934482733 4.353314802134652 3.646846359864461 4.556229650645441 4.33940311641413 3.712370297731914 4.605149810201501 5.390091394651837 3.236320072122108 3.986239046428802 4.769551043958989 4.619426119330571 4.01330900333192


# name: DatP
# type: matrix
# rows: 50
# columns: 10
 1.131984030408724 0.6377342603542608 -0.5052101170354071 -1.052821966196511 -1.085363763714746 -0.8401601917383594 1.699941699927603 1.073595449152958 0.288937865234665 -1.001590479837432
 -0.04994112409808693 -0.1769720665198982 -0.2740713054575039 -0.02885221550061701 0.8025878664655473 0.3852454060783082 -1.218212589820922 0.0492409311209947 -1.134450764812875 -1.085089050167049
 -0.8600845566351012 -0.6673328844141615 0.9008337024451087 0.8273956296496436 -0.2847302953253212 -1.07308490562998 -0.9175375567892097 0.6864201354898682 -0.01631687767259393 1.161063112568772
 -0.09437155687018617 -1.398373059265758 -0.07679004392237232 0.2462808780458055 1.066154897826951 -0.9714588114829645 -0.2544614930322986 -0.7504911699386412 0.3104534649813182 -0.384354959942705
 -0.2924441348389273 1.116772006454191 -0.008775890792101393 0.7078758882295979 0.7610854747606588 0.713948981547869 0.1795623272029658 1.592301439096985 0.2197261793937457 -0.5796432522134438
 -0.1232818819609065 -1.639423420594213 0.182831820593659 -0.000572107101106667 0.8346138685654623 -0.125362566368608 0.4622147263312044 -0.3662293032269801 -0.2829455262056229 -0.876068299904432
 -0.3426703470271093 -0.6316790536135457 1.441936001075593 -1.070276147939758 -0.007411556352970194 -1.775782239375783 0.04760890112270033 0.06386151292650766 0.2377729798083585 0.1130481214296317
 -0.4204935537476757 -0.5958250034296704 0.02732654956164637 -0.3327725972943263 0.243778783033342 1.123124688466419 -0.2798434815215671 -0.03043608508053808 1.007833992635831 -0.9000659494185115
 0.752169551206638 -0.8299366225863452 -1.025812654180324 0.5338759918327334 -0.7030121172380888 1.023606181252966 -0.4118300669783004 0.04603040278202286 -0.972151874167114 0.08478213953829794
 0.03045367310735969 -0.2990261447942437 -1.367385307577358 0.1148391323932749 -0.08919323848212102 -1.278420529898792 0.2595587773523746 0.1981592815265678 -0.1065834318706997 -0.341899277800934
 0.1984566225566589 0.05159228458983378 -1.316828784994247 1.064929265167908 0.4297203603440991 0.087600634478882 -0.6656056762682638 0.01628693386921043 -1.112727265764182 -1.031863062772601
 -1.141780876270005 -0.8929747294595423 1.100828266472583 -0.2252050754488906 -0.004876644115942241 1.2722815404152 0.8794424164178771 -1.046079795042758 -0.6166559232138908 -0.7635673724423775
 0.1444456858099734 -0.9993559644781271 0.3888870942777345 -0.9111926203430905 -0.0544017009361184 0.2204489196903694 0.1130475337687251 -1.618406351182436 0.2596012984306597 -0.119305434955205
 -1.029829225236455 0.6699006143668775 -1.413957723699617 -0.01734733706145164 0.04191342880407589 -0.05603339205668334 -1.147077212618704 2.006190168041947 0.08495694707570323 -0.5567712129509879
 0.07577883693563692 1.624292555344823 -0.9093641648095492 0.9767771552387572 -0.8639545884496904 0.992696945296295 -0.3758635519537847 -0.147905331241553 1.359940272206003 0.8062795495523503
 0.6452333999283333 -0.449819340201838 -1.158711502567858 1.415544587627132 0.3371822972352092 -0.1606870250454087 0.2610033708063035 -0.7629088728306321 -0.2675645988258708 0.9659749429838165
 0.04658380260484307 -0.6248735869763777 -0.4058360084585786 -0.09420528959716989 0.1996102531940771 -0.2013222882944348 0.6601255332413167 -0.3096057741370792 -0.2023000912688104 -0.7168548289070884
 0.5919834916408888 -0.1066143849949235 -0.9844370310665767 0.9061193736951338 -0.4712870731150112 -0.02167553292567703 -0.3452691855185037 -0.2603318194362707 -0.1726499123380307 1.038261874337913
 -0.3167248078264642 0.4603946776391794 -0.1348644169321567 -1.516903847979407 -0.7816548067519591 -2.142044251642929 -0.2713274202599401 -0.2330748674196315 1.113776755074571 0.08146031234908335
 1.444434532960663 -1.547266199296743 -0.1775215882936898 0.02761705279229076 -1.391256772996158 -0.2633500411050242 0.8201726054638314 1.059832267666078 -1.238445797017665 -0.9116014999480377
 1.068964499437307 -0.4031764178675097 1.047984499865422 0.1068091981597767 0.08911978130535303 -0.6317129440600482 -0.8145624839478991 0.1307666595040509 -0.7795725535204667 -0.0939498118624158
 -0.6826722896136594 0.3163607324407316 0.3966136727016405 -0.1399157898687378 0.7270988514853585 0.07571013921740288 -0.0771509583046992 0.4617379974574405 0.1641748528801728 -0.3498122311160401
 0.0943576813825473 0.6350982220925623 2.169732144695601 0.3492806228226506 -0.5459229898320217 0.6052410313264822 0.3655499017898975 -0.1908480944532052 1.300890785415778 0.2027323939275476
 -0.1985853363932613 -2.339991979908827 0.8741625800856809 0.1483965238641289 -0.08420097526148851 0.08044059363790623 0.0217836643332916 0.2482402735315645 0.7523411654899554 -1.111480498267259
 0.5860423461768605 0.8789261327646081 -0.1603915323995899 -0.8118111445317595 -1.129529556393326 -0.8372317873462052 -0.8346083760178189 1.041842498135377 0.7127099660562735 0.9424564666287019
 0.8222798787854337 0.2526636841596464 0.8278697468729916 0.09918600254431809 -0.4431360550283365 0.7396414620877643 0.5083944583661903 -0.09449672029413136 -0.6907645603775485 0.1496493604919564
 -0.3527022437177507 0.8718941107061902 0.7457561249527735 0.9532913023858356 1.121704398384392 -0.9548128791456776 0.439677508466449 0.006668368141625081 -0.8983476368402066 0.3620352712917914
 1.281316533978753 -0.9683647642040967 0.2528279040327597 -0.09939056469201901 1.211776324954563 -0.1171888141744759 1.022098277745521 0.4456530303199955 -0.8347205118578458 -1.075815069062696
 0.1688371513502425 -0.6780147688283975 0.04977270519707488 0.8874176000162031 -1.056535091566779 -0.5601291192129416 -0.5521936943755925 0.6317756278173263 -0.7252433416131012 -0.9818167685179837
 -0.2804859847949785 -0.3800561800293316 0.4036728794111717 -0.08131627736482372 0.793609446491967 1.331176146715126 0.627933379228697 -0.8798847706483492 0.1546377955402534 -0.2892957320639553
 1.339154172684484 -0.3023907232366589 -0.5383407890354093 -0.06412494479269526 -1.096738793868187 1.172609613487268 1.111846475788401 -0.1568203432090343 -0.164521026572551 0.2166700939507926
 0.09973520399407931 0.02472844596015733 0.02211906291451982 -0.8969700496626487 -0.03032076144339158 -1.175718199002564 0.7285205133400545 0.2048624541841519 -1.838333399147668 -0.8384368495815941
 0.1355110291934913 0.5769301088462981 -1.073290715513462 0.9962950539838822 0.6412915779861947 -0.09065411454693262 0.003983941141999736 1.761842867228335 -0.03394134983867403 -0.03622181603535424
