# Created by Octave 4.2.2, Tue Mar 19 10:29:18 2019 -05 <ubuntu@algoritmosb>
# name: DatK
# type: matrix
# rows: 1
# columns: 50
 2000 2000 2000 2000 2000 2000 2000 2000 2000 2000 2000 2000 2000 2000 2000 2000 2000 2000 2000 2000 2000 2000 2000 2000 2000 2000 2000 2000 2000 2000 2000 2000 2000 2000 2000 2000 2000 2000 2000 2000 2000 2000 2000 2000 2000 2000 2000 2000 2000 2000


# name: DatF
# type: matrix
# rows: 1
# columns: 50
 3.728724992816672 4.188576163574077 3.964889960757624 1.027538612724835 2.277032357511087 0.5432143327168893 3.700690303965232 1.357839091076571 1.333853850064403 1.60046067582525 1.690311510449312 2.56940828067546 1.724542572336316 1.074006356360867 2.526189845741714 0.6565798640678502 1.498743494922245 1.198425938614541 1.026056949839935 2.141638593460151 2.021349752029488 1.555894890545355 0.8223866876420618 1.071471680558253 0.6857623132802195 2.940320319212322 1.463211348731461 1.186345683086271 2.223703490640925 1.347357564919969 1.579381874293833 1.411590675518427 1.767888973368662 0.613542068118792 1.269416334655015 1.449963415425656 1.492882468328884 1.116405395297501 1.991950132826581 1.956933691495179 1.25047936622967 0.5016725709689293 2.034511592284558 1.252050030427454 1.74200872523592 2.807421007359761 0.5502423421724176 1.76929503538477 0.7627557068641631 3.551045840417849


# name: DatP
# type: matrix
# rows: 50
# columns: 10
 -0.4648336155167812 2.2612356464097 -0.2413274360523836 0.4567998533837709 3.719317953777933 -0.5999309066486607 1.741846728734314 -0.3642304559266059 1.478471909691429 -1.018847120907663
 0.1609366683629965 0.2770168903599437 1.21061038666525 -4.487245842517904 1.500987384393742 2.044325715367611 -0.002324437409706448 -0.188691751209948 -0.4049230102478933 1.067261794782343
 -0.3590209384505538 -0.143135359649543 0.7669437497343718 0.1025001630118005 -4.19632616865491 -0.5114356055510552 3.705287557945503 -0.2583495311783128 -0.6139878562339209 1.886383026183053
 1.364020559308717 1.088789942991166 -0.2348841743159387 -0.4016855498426661 0.2106029099021196 -0.3125896947688034 -0.1758367537338046 1.238232648943224 -0.09300651148839378 -0.5089106034957105
 -0.164827743538499 3.706348180544252 0.0617851693461926 -0.3517697427390942 1.304449102504094 0.8122904626027321 1.268577870037074 3.977545171415759 0.9030119605118774 1.147958618571094
 1.34561349634658 0.9126429382410155 0.0218012788173727 0.9988353450571559 0.7846796264158353 -0.2342916599818068 1.060734926253865 -0.04453317840687099 0.853946551472669 1.836946388036583
 -0.7927503709317278 1.349883566113386 -4.303262551891033 0.8622276051423334 0.8060929357118081 -0.3437529431188295 0.6330364285918506 0.9069365998253733 1.471836707829322 0.4600275985665938
 1.02315906337398 1.165813123338616 -0.05217793561333472 0.4894143523797148 0.3856683001154515 -0.1079754431343023 0.5172531481021618 -0.3780728439974261 -0.8164338444141919 -1.045183127466027
 0.9459740514683137 -0.2434442589956003 0.3399328508761386 -0.2527452712465781 -0.2945580702009263 1.44504788008433 0.4856896397195154 0.9341610104854556 3.491935059841095 -0.8427980083464455
 1.078120253918598 -0.08208466028038686 0.6259932579655505 -0.9114673559485222 0.07861213885945695 0.6459476548139573 0.03920369792481893 -0.2541864943859924 0.2207005079625404 -1.107594531244494
 0.5925149852940823 0.4385441944411959 -0.5685928809200718 3.024643452783582 0.9210325980199592 -0.3556168239824018 1.022900626816492 -0.2068769441764999 1.084503120404714 0.3253032917212302
 -0.4268152750243708 3.724088366702651 1.173088211912447 -0.02368493744151756 0.1203368032661096 0.4198815684155122 0.581264863251203 2.13480266033779 1.059526606299404 1.359618167739825
 1.251286649317086 1.517523228363707 1.305127090131665 0.07710071335196389 0.9003348006477623 -0.6788457497557054 1.205281647166721 3.330904100560769 0.2768141785428337 -0.3179565480616215
 0.8145446818191502 0.3070059865797052 -0.1326761512978294 1.574011517701635 1.140731734526128 1.592952381585174 1.3108453634461 -0.1029890689464192 0.5492640472604737 -0.2335390310699346
 1.089331042425654 0.2829975317955657 0.5495986291882211 -0.1800849194484915 0.2661693389027864 1.303941605842933 1.219397985882894 -0.4231394974719418 -4.14339404085383 -0.02672763712335602
 0.9495760532116027 0.558219868146109 -0.2682969647513094 0.4994462652048224 0.1878636644330545 -0.3054949694717131 0.715727379468138 1.069833767145864 0.6365030754046046 -0.1156917943084981
 1.527092504589843 0.8200589025757647 0.5206343497794315 -0.294810645538 0.2819551842195569 1.758574251113746 -0.02893333079565785 -0.5659177020081767 0.9521646336759737 2.141324809752918
 1.11386359214926 1.155336200940493 -0.2561915359920253 1.597180437862688 0.3473629535086626 -0.05641918618514552 1.710785565925875 -0.09816611444002099 0.2083779889297457 0.005439533742920943
 1.190522009678499 1.424544281877113 -0.3185440293248334 0.9215263308976187 0.7103638542710922 -0.1275096016984296 1.911268813389729 1.233366010824223 0.9205155963388112 0.4089399525779633
 0.2036886629874193 0.1328942230980203 1.242367821291708 1.457190458209723 -0.8415482219819435 -0.6379617528387396 1.591197913991314 0.1880895383153547 0.2836993737229339 0.05632516225907658
 1.192933233655614 0.1159146856302531 -0.3941919191507406 1.670615870649891 0.01455447421909284 0.09644730704202331 1.763121293958696 0.1819043992515876 3.848131196041679 2.531123969647638
 -0.3009020264664315 0.2554790377698932 0.2664689474123101 -0.02937008324817469 0.435802424218986 -0.376606306273521 0.4827332270014555 -0.2469489226868866 0.4032674571150103 1.190741371505977
 0.3999592861160632 1.153553098015085 -0.2881310793974556 1.082212414225367 0.3740378734451006 -0.2498781500262339 0.5793804095831714 -0.2970325271245997 0.4342742686655914 1.063563924439453
 0.757658048208242 1.082744922281863 0.7462989406148921 -0.4195657453616857 1.069104062884687 1.256594076517128 -0.7272650774783944 0.3982699829444698 0.1211468125625146 -0.5299406768264081
 1.325419183454233 -0.2348518664447869 1.002726381233526 -0.2694661505311871 -0.1275520538552062 0.4620248379449983 -0.02757945581844012 0.3341693790219651 0.7748220265449159 1.038322331336669
 -0.49133802149478 3.679421752799241 0.3028903586175247 -0.539629434390152 0.5519619406206466 0.2167996644501429 -0.1335541726080329 -0.213543198152232 -0.4876553995945425 -1.553165103947515
 0.3557230959644802 -0.6830794784425347 0.9414467549902525 0.9054363560823013 0.2880484088756496 0.2995907748492748 1.450118951220976 1.35282344545468 1.152781936948132 3.27511307657287
 1.140514371840766 0.6621259860209179 1.139724720673765 0.2473934647796252 1.969569060573011 -0.1798360048639722 0.3538252791271734 -0.2694615754817988 -0.09935840975267318 1.55078377295122
 1.120829019313971 0.6492953881775954 -0.7977172100465317 0.3273968261431133 0.1629155144843502 3.755117076048027 2.19389894472331 0.1032005587698333 1.060738656273536 1.492073158557076
 0.5383200621528452 -0.2532153746515302 -0.5285210917301022 0.9408735905560786 0.6735341716218439 0.2228047182515098 0.9621849964276858 3.920407424280421 1.274576744876956 1.516085885856286
 1.257030698875521 -0.8950170003332278 0.8029793014822761 1.736018858470691 0.2709796756617688 1.384262106844778 0.8480927982267463 -0.1745029722594129 0.3757794452772067 1.497946521527403
 0.5286266497224599 0.841694203739614 0.6432836327099469 -0.5254962963609628 1.633427210369094 0.2939803590208392 -0.4536952345750382 -0.5204816654096085 0.01038296282789908 -0.1119848718739807
 1.53645721879561 0.1630772474533408 0.150537132540741 -0.7129783349617824 1.490726171292375 0.2960696687306914 0.8619235043838192 -0.6505124559431366 0.7143596371705438 2.824767424218679
 1.36873956548286 0.4670988455853777 0.538444800588108 0.8473212223574489 1.169824341236271 0.3309584106694494 0.3849197408649516 1.201703396768432 -0.2196185638976011 1.068171097035041
