# Created by Octave 4.2.2, Tue Mar 19 13:55:51 2019 -05 <ubuntu@algoritmosb>
# name: DatK
# type: matrix
# rows: 1
# columns: 50
 2000 2000 2000 2000 2000 2000 2000 2000 2000 2000 2000 2000 2000 2000 2000 2000 2000 2000 2000 2000 2000 2000 2000 2000 2000 2000 2000 2000 2000 2000 2000 2000 2000 2000 2000 2000 2000 2000 2000 2000 2000 2000 2000 2000 2000 2000 2000 2000 2000 2000


# name: DatF
# type: matrix
# rows: 1
# columns: 50
 2.965231855677568 3.873871841058953 2.797462023321721 2.009702933606532 1.265532382773664 3.130838335072307 2.459493809386319 2.999191168933701 2.579500516973758 2.27243320043338 2.574690634330609 2.937201480278717 3.06035923021378 2.88330093218064 2.49243679147066 3.08959059735731 2.868807204570323 1.783378439798093 3.126929988638647 2.841670880013025 2.80215276092398 2.747279148505143 2.86787907438624 2.93505175151432 1.803744296191174 2.241724301757944 1.305031096461226 3.271064429856198 2.582443908673623 3.134901223857151 3.018655248705053 2.862928528305061 2.638246542007634 3.259347869614586 1.814869110204843 2.836431931073318 2.7085364767789 3.332648316072249 2.026207361307091 2.976518526257807 3.634848044854136 2.555282446563859 2.56652223884785 2.659886384721596 2.362841524042787 3.134718594436482 3.299156213424295 2.136708289243115 3.771567179234632 2.873835686924089


# name: DatP
# type: matrix
# rows: 50
# columns: 10
 0.06450332436549289 -0.9312629261793788 0.1294522527770177 -1.032560641643641 0.5160003380938321 0.1722931209680354 -1.088521530428888 0.03641342819722482 -0.01765355341378338 -0.03482999877636317
 -0.6347774453485151 -0.2539916990374458 0.7264233115081211 0.6718636737156629 0.08537017386523615 -0.08515311275012749 0.5034285244714773 -0.728024682130787 -0.3180884171436595 -0.6944650007523663
 -0.5488536110629418 0.09632369933578744 0.1903430330004916 -0.1553139829321992 -0.09530971262401522 0.02349671131926101 0.1101083387676312 -0.8876258605695391 -0.8399914188983892 0.2380628100856832
 -0.4226633062993841 -0.1731901711265635 0.07943387484381503 0.06655445885377631 0.02008031710831304 -0.2939057662027089 0.1129921625125583 -0.08698834883951889 0.2827421970053194 -0.1349325947104596
 0.09578263073317217 0.04690007718640743 0.03631909948129319 0.1249535425359909 0.08222620487693533 -0.2704068416735659 -0.1143740702992666 -0.237288913931696 0.001203526180688641 -0.0894454079844671
 0.04165558601929931 0.6974184618508836 -0.236867838166507 0.8644127469877851 0.8326032991597749 -0.1070237770091857 0.197249054754316 -0.380075206949531 0.1413443199727595 -0.1824000686521536
 0.9779426278246106 0.05542312576840658 0.06150725220328468 -0.1018705953266377 0.05421654971546985 -0.04637284407185405 0.8554627632755505 0.114742390878849 -0.2199719289912707 0.8502740813408778
 -0.8825247861121923 -0.143804589288397 0.06487626350469 -0.06336238559930507 0.07762000840564554 -0.2786106611077024 -1.08145124203573 0.1424958746157614 0.2832735959694084 0.7890638706619839
 -0.7832078179951942 -0.2966167733305127 0.101225010448708 -0.09586609637162624 0.935695880280889 -0.2554535825131588 -0.0662097947225142 -0.2058627423777644 -0.07658521285527797 -0.04038696429237376
 -1.138587462456723 -0.02563745075351775 -0.3111109203476303 -0.1139925804728712 -0.02780968911795512 -0.03876654999661611 -0.02014150696597383 -0.1197055127432769 -0.2160550244936665 0.1312794634124046
 0.2519714261054595 -0.001809132436392247 -0.09671250062647019 -0.8535299372223157 -0.1610535927376624 0.1229721031360178 -1.087339566011984 0.1104123488131421 0.04126885657573709 -0.2299037579270866
 0.03308588652546973 -0.5060823267472259 0.1794669522770889 0.2829375265630745 -0.896573084201826 -0.1918875580033195 0.1186513607809658 -0.07389461800819319 -0.9116579269092746 0.1812384829010441
 0.1604101425165574 0.1951817466853711 -0.8539699479577898 0.06497685862092695 0.8335325632204622 0.2486993963159421 0.1745865325121265 -0.04125952330472771 -1.069306156342527 0.2698532853994671
 -0.5929392697458695 1.030572143709861 -0.1102994537996977 0.1716592208778565 0.07696432218843086 -0.2978480955337517 0.262898710434694 -0.07227476523446441 0.2746327693696671 -0.08176008118433131
 0.05081434171193067 0.3169814911146354 0.002888409317169049 0.1846402817411068 0.220812129819226 0.1009284852353645 0.8558856087900999 -0.04503618661151165 0.7241737650390156 -0.05488497184165197
 -0.104943922278931 0.1850493115763889 -0.552768017906196 -0.06066598077273966 0.1874001759371708 0.1136374636827107 -0.2136282951780366 1.091358433196628 0.7377044964875843 -0.2056281888964868
 0.1503670045805379 -0.1437883410018408 -0.2227282077821862 0.03822469509945137 0.6013844579234515 0.1114140259688732 0.173064257096641 0.7488236918568418 0.3689504928937524 -0.2624541194475221
 -0.2227072029292891 0.06459798677503059 0.381307188245394 -0.1119947290227294 -0.08302788294720997 -0.1039738217060453 0.003962400032836655 -0.1560124584922562 -0.2855897336578757 0.05571412012618993
 -0.9269203167158828 -0.01320545409727103 0.01987036282118382 0.102691117617816 1.074708073348187 -0.9288533860953336 1.122573437379398 0.9775148373146081 0.00517250330631569 -0.8741137634668803
 0.2951356430733512 0.1760668535009025 0.2176128869270713 0.1287044111360309 -0.4603984162081005 -0.6284691695788105 0.1900380237295316 -0.01754591700775165 0.1978948400666916 0.3054338170571143
 -0.1281081373873612 -0.1360270602982716 0.3925846463884177 -0.2908447736356621 -0.1635364577761393 0.8518050900882841 -0.02639816712874321 -0.08427378507811767 -0.2751986450223498 0.3661692223889688
 -0.05987339101016786 0.008293321379831298 -0.3603056922023455 -0.2179605175208223 -0.9997414689414654 -0.2037291290891545 -0.6138697276861542 -0.06250998075307734 0.2009973161240843 0.01640176605179988
 -0.04916314280312761 -0.01065510147783399 0.1727144528833122 0.6446026130385185 0.4618346840747662 -0.1398493839680128 0.6129730563503593 0.2026272097738939 0.2488875471774463 -0.1419119181720276
 -0.7531737412962265 -0.2483666709943009 0.189339875532994 -0.2528994190745415 -0.01988635342970113 0.1107989321736653 -0.3521680449469855 -0.05292112576176322 -0.2227810486421937 -0.9757985223140864
 0.245421723475598 -0.05078662746204898 0.303709203917883 -0.03713485183656218 0.02432952494020668 -0.1246247531072413 -0.1072486910835373 -0.08911917154372517 -0.3045727514020697 -0.2090332623540334
 -1.006202661456889 0.08538479390161768 0.03692737015629532 -0.007106425555328144 -0.01421758167454357 -0.0002728970594034763 -0.8651382243905239 -0.08379863386842956 -0.7732229973141997 -0.03346943903128263
 -0.0117789680644016 0.1868969353656098 0.2168951965088297 -0.1007815737740216 -0.01909834260915844 -0.2995663645654538 -0.1006574499570903 -0.03051828186474381 0.02867250438614732 -0.06423505113167494
 -1.367080948067603 0.1363275490713356 0.07827226688284838 0.6788635052277456 -0.07350876877360335 -0.122069217841382 0.2746046835548199 0.06424226846326064 -0.1232394355885162 0.30775971622489
 -0.2355574013292738 0.1130234880202927 0.5120747321875676 -0.1711810309008541 0.2462974084030485 0.1982965765002511 0.09290859078654989 0.02900508078712605 0.9200235546731363 -0.05767189882140755
 -0.1794006844922293 -0.1293787469786629 0.6290456490484111 0.8948611036165808 -0.1095892626745893 0.2743125842155436 -0.2409337534756943 0.2086201914700787 0.9304789848383095 -0.1712343862438246
 0.3962146552024883 0.2030509513226235 0.5998837242719688 -0.01274899185774458 0.635663883340964 -0.01693151728433406 0.2917449387953575 0.03079675144365979 -0.2618476853151712 -0.2938698142227558
 0.07739598823725657 -0.02682321622162576 0.8195884714503521 -0.2763041632081489 1.044996457686509 0.8071132293032939 -0.01421679499800632 -0.05934427780635687 -0.9512164618999606 0.06884633873603008
 -0.06097766184217335 -0.17594773890794 0.1337603772027549 0.1039889463482773 0.1574384795368644 -0.2397155342171011 -0.4074949849113239 -1.060315193472942 -0.196804014876939 -0.1420764352861994
