# Created by Octave 4.2.2, Tue Mar 19 11:15:33 2019 -05 <ubuntu@algoritmosb>
# name: DatK
# type: matrix
# rows: 1
# columns: 50
 2000 2000 2000 2000 2000 2000 2000 2000 2000 2000 2000 2000 2000 2000 2000 2000 2000 2000 2000 2000 2000 2000 2000 2000 2000 2000 2000 2000 2000 2000 2000 2000 2000 2000 2000 2000 2000 2000 2000 2000 2000 2000 2000 2000 2000 2000 2000 2000 2000 2000


# name: DatF
# type: matrix
# rows: 1
# columns: 50
 -373.9860720294442 -381.4406604361905 -366.9701417678853 -372.26940232538 -376.8512230233329 -370.5025900345036 -383.0189617917569 -383.3525454633959 -374.3782287439718 -380.1132437381406 -360.0071888651455 -379.4646773086013 -384.2741917248612 -378.5060278160838 -380.012017656682 -377.494216868083 -378.7465258246325 -376.4592383689529 -385.011192009744 -385.0865636763101 -381.1262785121752 -378.9706295506078 -379.1337376361537 -372.9406269611875 -378.7844485590393 -386.5423063739777 -370.0050570652497 -378.0026028809891 -375.2453409545719 -369.7241375033523 -373.8311576702272 -377.9620482985009 -369.559625582959 -385.2001093213539 -379.9417058186021 -370.678993216396 -377.5760663139819 -374.1356452816185 -376.3169021335154 -378.7355889188498 -376.8935640787948 -379.4538714442549 -382.8859957122177 -380.8072946038873 -389.0585378014849 -378.6191648525057 -375.3342749307361 -378.2696637559123 -380.7019240903534 -368.4079882672581


# name: DatP
# type: matrix
# rows: 50
# columns: 10
 -2.54568541353558 -2.491987269948673 -2.989189430236214 -2.632419036236187 -2.831151246411836 -2.451816563437837 -3.089010240346317 -2.312203240895704 -2.602663215082449 -2.557233752589653
 -2.933220740987841 -3.095905192107136 -2.835136621875828 -2.820883021486959 -3.071559102520343 -2.81900781905467 -2.496056642438751 -2.554860996138267 -2.431935580651275 -2.642552905586217
 -2.338176178241397 -2.287421584183229 -2.43215899458062 -2.88951251497732 -2.949700721933548 -2.460154487918336 -2.412984797487828 -3.144979110569293 -2.539608370195926 -3.2305921336871
 -2.34969553341936 -2.336176377738129 -3.0285973651555 -2.780535744784142 -2.937935719474175 -2.517903760503671 -2.485192745159767 -2.459505212660148 -2.528956247400266 -2.904951269685007
 -2.382591560686579 -2.505261370222617 -2.484293141643897 -2.431354361380446 -2.996245784073517 -3.058656076475881 -3.055512888714551 -2.708920621630888 -2.655535348263333 -2.872039803324675
 -2.551845363061816 -2.461808122004599 -2.798939379138748 -2.651780470442695 -2.556348410081092 -2.383763461987137 -2.405694879050175 -2.786128627119369 -3.249791566790444 -2.429390613193605
 -2.981485118328866 -2.988206282913075 -2.933168340607467 -2.719315918368515 -3.157057371944808 -2.392405271137776 -2.918199396415426 -2.488747248332429 -2.787927441654523 -2.959591997697132
 -2.826989331303245 -2.90804629063487 -2.520595644470017 -3.039192037716269 -3.048067994996731 -3.053444567158683 -3.000269103481844 -2.764574406725912 -2.511779110338188 -2.534963071252969
 -2.506041891853864 -2.770793648419573 -2.343289815912309 -2.55783672658725 -2.895067357777262 -2.843917778266797 -2.893398296891343 -2.956633432715292 -2.436384324560905 -2.305576188916352
 -2.732967550215639 -2.509410276617487 -2.73967263786253 -2.735713631344375 -2.852844518183067 -2.362096776793202 -2.777359200549962 -2.502792553808124 -2.761402468291645 -3.082187925413325
 -2.424908465350927 -2.545926357563483 -2.969362834825365 -2.829900652451542 -2.217769997545822 -2.98469885064598 -2.117697762452573 -2.508776709120348 -2.071135324962606 -2.742777874154438
 -2.514505344759342 -2.779344026205794 -2.488894999306132 -2.741620859113912 -2.528417651261905 -2.570018913205786 -2.879210329039482 -2.833923742903527 -2.478121344204396 -2.928459626047759
 -2.655966747385217 -2.719240731057938 -2.798726927770176 -2.795781208855884 -2.762230570597183 -2.848375004215402 -2.558671246450385 -2.472163958753752 -3.054955607041593 -2.828977135775705
 -2.969832896872612 -3.086601440444695 -2.496942132766831 -2.357989683056643 -2.878741623593951 -2.504241028483551 -2.99499408377651 -2.540849047060917 -2.719110526574071 -3.086447590500221
 -2.534900779183772 -3.208426394672195 -2.859154776839854 -2.495188842992758 -2.947383861823964 -2.781024711338549 -2.86341993762401 -2.457870876695218 -2.547459114026187 -2.834105178473649
 -2.81107636755515 -2.553324272166889 -2.288704528937005 -2.780434252379203 -3.004451531528935 -2.620134917851975 -2.68746548650879 -2.609296997022243 -2.488656955789255 -2.72568013971792
 -2.849184647409487 -2.90770350491881 -3.006817608534816 -2.419725082571529 -2.987436494960766 -3.025769538938663 -2.942595009936941 -2.45579127488582 -2.454770097638646 -2.461811544354291
 -2.465379745791909 -3.273493361832178 -2.659139974322891 -3.098267268896294 -2.545965550523149 -2.758140949142676 -2.740334289131136 -2.448809495176311 -2.528430543299535 -2.822915803326344
 -2.948439178003962 -2.820394487662273 -2.682042770368004 -3.239488266320255 -2.864876655323787 -2.878273025660298 -3.100843788594217 -2.511670528929329 -2.991490292682658 -2.763360981179019
 -2.968712921201431 -2.86992694838198 -2.787202541438653 -2.563335361760134 -2.495908385719638 -2.715324514565257 -2.931105343758035 -2.766738060919209 -2.656060421672418 -2.983443267553401
 -2.755341522825441 -2.391345367486293 -2.988040446474538 -2.835224646834797 -2.473012555147819 -2.738724067119319 -2.52927268048726 -3.012035672872822 -2.757456196603871 -3.029409781306672
 -2.350284302139992 -3.131466570109562 -2.78535269646138 -3.225667556584999 -2.893024562059531 -2.781974707973874 -2.852979633344606 -3.249257441745498 -2.837528931854449 -2.498663824628592
 -3.165948871061889 -2.502215666304854 -3.04336050270477 -2.48745069427363 -2.71508448852339 -2.740928323177075 -3.208263774053254 -2.546641340982072 -2.997616710423882 -2.655689336416077
 -2.512885930519208 -3.210401607365423 -2.991526426508437 -2.982716228946394 -2.498728188704253 -2.490741493012252 -2.64219409233019 -2.452749535123969 -2.476310809905963 -2.490888382698838
 -2.905940557702168 -2.934322714417171 -2.904698071761702 -2.521170755978391 -2.743329802212708 -2.512030551638105 -2.477058730031692 -2.884165561629955 -2.457720182295144 -2.517571816947003
 -3.038349772676581 -2.54286554081353 -2.63337225152233 -3.02601671723988 -2.996634746550965 -2.922132518722517 -2.882969398035224 -2.896072254239233 -2.666421340313583 -2.764293457476046
 -2.357427159155177 -2.465708513166069 -2.349364849159824 -2.433245491961958 -2.477762221600262 -2.552252796050105 -3.017427274792989 -2.87977816155413 -2.605642227810208 -3.101220678374384
 -2.83861389501223 -2.689157519024805 -2.989318524434561 -2.2753219806941 -2.527559974994274 -2.966314395724958 -2.540002268235985 -3.124919924497989 -2.784371199218326 -2.553371328916353
 -2.825807764364478 -2.534726001750494 -2.510492672975746 -2.922203748806221 -2.553237084876697 -2.298105315023991 -2.704385533762284 -2.967151149272156 -2.501719421203755 -3.20802313311497
 -2.459346240739537 -3.225186136649174 -2.496967340539682 -2.560654793661092 -3.089391491621859 -2.34248438587254 -2.466706371213562 -2.44513123897752 -2.73655431574339 -2.620962690618333
 -2.814160621000441 -2.655282542240568 -2.437918995226776 -2.805395425839273 -3.213135630921556 -3.238851732374452 -3.19023232421365 -2.503905661906639 -2.491591424028823 -2.464606986920586
 -2.501483654733322 -2.529109592493399 -2.533552054744022 -2.918598912714796 -2.596098465752119 -2.792407878545873 -2.688826004472567 -2.828920122666378 -2.481701557989594 -2.552576867621338
 -2.389157172645131 -2.517443328555364 -3.326793880151576 -2.316752147281635 -2.670670567435086 -2.355427630970629 -2.967254475264979 -2.548427006956106 -2.829306882677697 -3.050379436224542
 -2.858342271728749 -3.210553992674763 -2.832493549494193 -2.552977142836848 -2.993204661070727 -2.93605133137008 -3.076447549670967 -2.551806134935409 -2.927327043025633 -2.95332189647767
