# Created by Octave 4.2.2, Tue Mar 19 09:53:12 2019 -05 <ubuntu@algoritmosb>
# name: DatK
# type: matrix
# rows: 1
# columns: 50
 2000 2000 2000 2000 2000 2000 2000 2000 2000 2000 2000 2000 2000 2000 2000 2000 2000 2000 2000 2000 2000 2000 2000 2000 2000 2000 2000 2000 2000 2000 2000 2000 2000 2000 2000 2000 2000 2000 2000 2000 2000 2000 2000 2000 2000 2000 2000 2000 2000 2000


# name: DatF
# type: matrix
# rows: 1
# columns: 50
 469.2706960300746 404.33633478421 878.8737984957255 718.7023065337208 487.1873528395299 599.8676187262708 354.4832917185024 389.8366704705343 626.8122110188615 544.9665449353853 799.1843357497734 375.0578037705625 759.2813167295415 559.9711870081513 617.3750912283964 482.4767408480005 216.893581226039 446.4132906379847 451.3254989005399 585.1331628038134 709.3997590332472 275.1465770540868 463.6605102074691 434.1423906790241 738.6642258743329 607.4212897488094 685.4309468161849 404.4352048369358 459.6242078934554 414.8737271200598 627.6018329715808 448.8421061801239 676.9329474383686 814.5898344969221 517.873259693415 645.1158683145549 299.4581765563481 338.6309341476386 643.810707312153 315.3485204313088 315.6253342554864 606.3367247720253 485.9560221246356 198.6677796554577 528.4628968135162 290.1916619583973 796.5813895891949 457.1114263051618 595.7860330448117 664.1029650769148


# name: DatP
# type: matrix
# rows: 50
# columns: 10
 -0.158616755879919 3.621490689103496 4.412555648425226 4.89403764800268 -7.416983619945043 -0.4595545824943059 3.390527591319994 -13.55077365283867 12.72892366519623 -0.5836197802184842
 -7.063518582302578 -6.952695255270982 -0.9413689390844127 -4.227182876868127 3.46457646960674 -3.147331795709377 5.466352660053175 -10.8692338155883 3.799195040894034 10.14808812083636
 -11.73187050295006 -11.47472514508603 10.40653279110775 -1.274831181900154 -14.65269587475389 -4.101707518886585 -2.782909972985536 -12.69528162234232 -9.713811890246561 2.201856210514137
 7.125792934269668 -4.986995899937483 6.685954385059944 2.796738094322237 12.61499157404279 -8.283437559888753 -5.725534866226425 -6.342326357165049 16.20964109320822 5.197966502466983
 0.1513404503840121 14.79335737408964 0.2588075840777719 3.48391154980321 12.77724487104605 2.542661229791761 3.168892036730156 -4.110924029148066 -7.705783470513651 -0.2694825136587866
 -1.25765742382157 2.528755595495809 -6.911883902151615 15.15672303263052 -4.426584590466717 2.768195821819418 -2.85346698888263 1.044210680038773 -3.389575666598546 16.32211650672448
 -5.114120938790222 2.784731410930718 7.673724547615933 10.2924939596552 -9.299113493720739 0.7470806213408423 4.61878966712203 6.880069512638727 0.1890358352739838 -0.1299965766066293
 -7.636475220855402 -3.008729413478704 2.258779837348925 10.63458757849304 -0.979352253626061 -9.411567427336834 -5.612207501101523 0.503593347684955 -3.052927932323229 8.582793492727703
 6.237192844631068 13.17066896786544 -7.392416262840655 2.139098552334929 4.411915789707749 13.56394575992161 1.957713536331525 6.219042200203248 -5.38142343825956 8.961310319550179
 2.04981481215421 3.031303132912868 -2.203933983538363 -9.931257562179752 7.997493617089276 4.788757994676772 -11.55461271851507 10.53825468493893 -9.074354460112346 3.780066227365651
 6.081654301263413 17.22115669368451 4.017767916913741 8.995673891017304 3.66584753460468 -2.368146451454948 -0.4352076520719663 -5.094922634045858 -17.81675390671708 -2.435991209177899
 1.702177921152582 9.086660007737507 -2.051364253521598 -11.83356395736693 8.46071510127716 -1.72480752721718 -2.331253273179001 5.277283155785554 -6.110796079840895 0.4083181051557432
 1.83434953910448 -6.564035322893034 8.273037377379424 5.611353745964891 12.49171182385567 -9.293377761836965 9.135485370602112 -3.256173029923616 5.205499198884908 -15.79027448420483
 -9.958851634614788 -0.4839637450006506 -2.002665896407962 -1.401201265662806 5.866814453250242 -1.864267531392159 3.216063247010979 14.19973074667459 14.28300881821737 -0.8422839760445839
 -4.957611668717149 3.328700238536541 0.6304002230083938 0.1769839861936759 -9.506618514619504 13.66813064792662 -0.3918804792649127 -5.203612447305758 -14.70197052763737 -7.792016653051078
 4.85049097883568 -9.985118912622966 -7.69362857377368 -1.918420102129815 -1.655556746983009 3.858467812871751 -9.501291766859822 6.834253448190267 -3.31551279537203 -11.43554937721612
 -6.311041955225988 0.7202928291466009 -4.304742368596777 -0.6757834888506693 -5.603530933833824 2.786582039199303 -3.056644174058903 5.900804164278227 -3.546403510473979 -7.851998413347175
 -3.024791353119795 8.806066915580601 10.35231130058962 2.498829180832445 -1.39647354922154 3.048157811873835 -2.966207594319243 14.58784108832087 1.443830564449598 3.372398348030117
 6.924407682939517 -1.088385349294683 -0.2091244483836903 14.6111087329312 6.663930740754338 9.289824098554746 1.958133669587355 -4.808799597096737 -2.807155560323196 -4.808065615136371
 10.03740933233986 -16.73042545031272 -6.214445990784142 2.212085169731935 8.727831830087197 -7.67704358254727 3.007387442586605 1.603164320886933 3.525196526017467 1.345440054638559
 -13.26363418334643 1.523280000811397 6.452408038470111 2.883327170594782 -11.68403195729829 -6.830625276919292 -0.5057334591131166 2.015155844629589 -5.994728302496696 -16.0555538357203
 3.96106540606705 7.31527664425235 3.760657322938528 6.265962236150827 5.591176018290568 -8.117452865330108 0.6539342054114314 -7.346082779944183 0.9206635283139377 0.3794278587976692
 5.470760576056577 -10.72647918850213 8.560619041285719 0.3721802429483319 -4.726575937595371 7.849067523378764 -3.879056328107197 11.9022000660661 -1.969491260616437 -0.8452782541557298
 -2.438406735337793 -15.1351049554774 3.27046174839019 4.497768625926483 5.300269097599681 -2.479202112909874 -6.053598502651795 -1.317277837507078 1.932730282215715 9.583491060088633
 -17.17299277148285 1.335537230216389 4.52616568177497 7.781394571569663 -3.259445865889234 8.468706488978782 -4.520032401116865 4.405397040274877 4.598764263075552 14.75136544555187
 8.455829355129239 6.323729917724592 8.319957078541989 -12.38473104163512 3.159450579597959 6.399724635551323 7.126331937300677 -6.837124201095705 -8.361127796937751 7.412792671906303
 -1.537795086324664 -0.6893152336036508 -11.76017149796814 -6.002630819469232 -0.8064020534679059 3.983369506069707 7.124379433620163 -5.848984125216631 -19.84856644745371 -3.578723607235403
 -16.77854897175929 3.194709333776331 -0.1020825496653259 -0.5408306060874253 9.702995230650089 -0.1758278061516592 -4.056495944543741 0.4073130940470975 -0.755338760018617 1.017733319668437
 1.760418759614254 8.180294575826423 -1.473870002565249 6.548295747464437 -4.976586461591509 0.2798743643781023 -0.9649693789019551 9.002833894696323 10.25311171302303 -11.51530364555197
 2.815759944816278 -0.5081863143916507 -0.2029408020917742 -0.1125719372340086 5.218171276967595 -2.132046361067353 0.6791070472448553 -13.28578008829631 -12.39908802659211 -6.644370272946006
 8.398316504694051 0.2130206974926381 -9.887813493473857 2.779331535886186 -2.689002270063924 -4.672392602289932 -12.52973677069919 -15.38123917094498 1.932505178729997 5.015756323020938
 -1.403093633371739 -6.963786215013428 -12.9261506460866 4.610841186015307 12.9725027200552 -0.2148362048047687 4.041483604625697 -4.961936115935245 0.2730444727150285 -0.8203380850776796
 4.002546949552197 -2.846630996238147 -1.420222026127433 5.252498170696185 17.03951200730309 9.530929343832 -6.47741387288373 -1.281420590158305 -10.28083168571824 -9.629406873004712
 0.1495363361301116 -0.1781293755358035 13.64194511830358 -1.302780007927737 -1.221270513770477 -6.702415268640237 23.25607047911183 3.422837035624724 4.73453073550661 -2.312046724956559
 7.068065791694181 -9.465548913935649 9.811040794152092 -1.96293635540404 -14.53980105157576 -1.135175948139079 0.794558296866299 4.458981942709428 6.007967221151375 -2.984207898272402
