# Created by Octave 4.2.2, Tue Mar 19 11:48:25 2019 -05 <ubuntu@algoritmosb>
# name: DatK
# type: matrix
# rows: 1
# columns: 50
 2000 2000 2000 2000 2000 2000 2000 2000 2000 2000 2000 2000 2000 2000 2000 2000 2000 2000 2000 2000 2000 2000 2000 2000 2000 2000 2000 2000 2000 2000 2000 2000 2000 2000 2000 2000 2000 2000 2000 2000 2000 2000 2000 2000 2000 2000 2000 2000 2000 2000


# name: DatF
# type: matrix
# rows: 1
# columns: 50
 651064.5351041574 61420.43843509282 183096.7050468766 121480.2085141109 145592.3216850166 58221.34544270366 108500.1131197128 639802.0476801444 33659.86493339638 91454.45628444427 271870.2132063862 29016.42618925092 160754.1740990042 432034.3071844116 317483.3920652183 204457.3127168721 412068.5437037697 204025.3245753903 129137.4869241946 320516.4319726686 386369.9347875664 10591.56613938309 109766.3886138465 106307.6589332084 37420.48094071855 66383.73559186897 290163.0592386873 97402.99734220901 140172.4261510259 295613.1758084746 161624.3754272443 83752.77740458386 500736.2819176675 362278.9441665799 164635.3506213264 286954.2931689675 208809.429231425 206686.6941766822 29892.69826938162 110684.7075433187 131652.0619298278 67955.40343742695 467620.6995213423 89843.41298122553 169461.9827885466 99036.31055108004 477191.9284446274 356637.8126626313 37284.31645924965 31206.28910656138


# name: DatP
# type: matrix
# rows: 50
# columns: 10
 4.356211359240078 -0.9659382224444606 -5.335202912697547 -0.702884832363182 7.330094497171856 -2.897854800333242 3.500837411423618 2.633910322376899 -6.986060867781802 0.04012298127239688
 -1.610067695793632 3.946473147274396 -1.449761000887019 -1.446500527973917 0.9644968332676989 1.586341748181063 1.14281599727396 -2.611946343033754 -6.884490068111411 -28.95838350828759
 0.1514930736540485 3.273974157467158 1.182891866220583 2.996416984454299 -1.501744176322518 -1.481806005077924 4.397785312207269 3.869480873594391 2.220819745209354 21.97112173514321
 -5.245795765618137 -4.267463883601764 -3.778769683225416 -2.526835335240801 -4.284713942374115 -2.256928473245587 -2.172375204656575 0.4036768716199752 5.164750919134498 -26.80679236838551
 3.452768325945229 -0.5598688602463504 0.2419839950837215 -2.341051335090324 -2.614679928531235 -1.662593258944675 2.421579526574007 3.058235753444983 2.728480385660738 24.6986824012808
 -2.235915529465487 3.775123504050292 -0.5394826926481429 -0.1275346350213376 -0.008532811780249006 -1.651571748272229 -0.5457930938523958 2.842016132683824 -1.667099094185385 13.29308404041812
 -2.555055738896549 -4.972888220540856 0.492485092809595 0.5175498695921448 -1.041712023335133 1.988961430135522 -2.501290338871058 -4.474702369220246 0.6979936902013826 0.3270692767640213
 0.4643475593824995 3.352282122608223 3.964601750316397 -2.757077865328718 -6.082069636737362 -8.258726042639189 2.812083774854557 -2.581507486932043 1.515560161889439 1.930792313734791
 -3.041653682315012 0.2403559964206963 3.795658087104854 -2.944430412001516 -1.655692672876881 -1.872800124630768 1.567745379662998 0.8934950218016589 -3.713089822025463 -11.7100146871796
 1.243003177688699 2.11863214873312 0.3611804849700633 -2.657675159400839 2.648283590290383 0.1164798904302344 0.5186216828137908 0.7813461386929532 0.378708847920624 -27.03743303712785
 6.175216587977204 2.594587891083023 -3.209740362065723 -3.032963482703991 2.657400278542497 3.047341617960271 -5.124526182021441 -3.237888455162864 2.633371139484218 -12.51179118844676
 -2.12899884548472 1.617328529129388 0.7769407120493064 -0.7356478164644926 2.12751083246269 -1.585348666295964 3.321516381941656 1.197679574007633 3.884910188893521 -18.61919589043156
 2.45201954097179 -2.11908193611827 -2.858878895633879 3.272208651772665 -5.077060157395934 -3.517307474788609 -2.837389889548682 2.894314764319361 6.026365788889983 -13.68654437721824
 -5.333755706774657 6.784965876701591 -4.714623313079496 -2.957458151116004 4.997276191438687 2.379648364287625 1.161725690773128 0.2768324393130364 -3.111651107568026 -7.919600987859592
 2.966698678822439 -3.228097917393121 -5.482232109930447 -3.428355950667019 6.178484890548297 -5.186885908783722 1.10888128051657 -1.12021489621031 1.49625129105652 12.15467021042255
 -5.744534880446505 -3.78421822303952 -0.6466227785228043 2.178682171135897 -0.1686668846106549 -4.791591861662521 -2.560528486585607 -4.346039577589497 0.1388355415930533 13.01707296445149
 -2.793082409200718 2.349122968418989 -1.450503759689536 -4.543923292234961 4.947107859074954 -6.241276628621783 -5.053607806344239 -5.762634805756317 3.770397606689379 -4.294749426857646
 -0.2153700549845006 -5.524785558132429 3.533590541386303 -0.5789701790586861 -0.1067761187278897 -3.675444194062653 3.393857106833266 1.481943013124219 4.634049503633499 -7.593464676099387
 4.013601819455303 -0.2346533438778664 2.482175568413808 3.287044405327187 -2.306962497452613 -3.570850858880995 4.45719181410319 -2.252209877308136 2.170817962025623 9.726552327428841
 5.825561603465601 -0.4488684744050708 -3.35817288082886 0.6892490603337933 4.674206666454367 -2.83399108320085 2.100565801840368 1.559297381419636 -8.145883793438902 -29.34294969505513
 4.086067484198871 5.816196899391628 -3.684312779836258 -2.936550462975845 -4.343971309912689 -5.704787032969492 0.2076262988977824 -4.628460778071375 -0.5557487996980441 24.44957642495361
 -0.973495769750091 -2.265558488117918 -2.891025408273791 -0.2719781590260695 1.595142740835939 -2.511149696158565 -1.823368169800073 -0.8983462928980757 1.289706429098523 -2.295418752357634
 -1.749404432440997 1.473191134220063 -2.587109571152347 4.255646227024279 1.100092267162019 3.854288007090737 -3.757738465750442 -1.049043632566327 1.252814846312734 -17.75671206146195
 -0.171428582443852 -0.518237700735444 4.85195372273197 2.97024713357402 -1.200216409389395 2.88491614273233 0.3030126268370665 2.816300222378061 -3.734598423264956 -1.474544434232914
 -0.361598131631002 -2.585832246434244 1.945020944214725 2.202434322673255 -0.1598467711757259 -1.592667576725574 2.122290719318812 1.560063034932281 -3.541618997872813 -25.70450496457461
 1.906284527951271 1.124603169365514 0.02885003085796356 0.9653712415920062 -0.987650359266798 0.9726493714979121 4.863973002497794 0.2379000388193511 -4.971228253048114 -26.97561848255371
 -0.4539487511014642 -3.651204299197754 -3.054767397764458 -0.54491060119339 1.355880239890535 -6.009037790314331 -4.422562704743925 4.26969165032849 -0.5122915540146202 28.02650676297892
 -0.3377043062303855 2.86859930121215 4.905707818265824 -3.522736062235275 -0.6018403049443819 0.7234656125826611 -0.3235533823775079 -3.34669940494982 -1.451928279085635 -13.23222591354645
 -0.9221566535879191 0.7913291823122499 1.708244167759137 -2.985924176403373 -1.115511346334749 -2.115486036411419 -5.543631127125575 -3.292160088852409 1.738758550047113 17.45158795286211
 -0.6684382932968838 -0.3837351815585706 -6.524574773990501 -4.17651288376344 2.841182219702063 4.112108823259504 -0.162413174266625 2.268153846209557 3.470185939343963 10.77005547864317
 -4.402882427852457 -2.778302018280353 -1.101485767240867 -5.291804326639333 -1.504529850327803 0.9006585497544641 4.392646671926187 -3.685163781259401 2.598525218229589 -0.8826929995583512
 -4.00980233030533 -3.577793170728526 -0.7139577528057224 -3.061187763099099 1.795349402047393 -4.484931535966538 -2.412946112883596 2.583379631607919 -5.781212597281211 -29.32262170250335
 -7.687513721318908 -3.503485597605962 -0.5551542815651871 0.9636751202114873 -2.741639387889101 3.233489610332285 -3.462056325728064 3.826476363204918 -4.808761933831928 12.40032796842788
 0.8694516506974388 0.9032109100470755 6.185201323474928 -3.316879455754421 2.027980854865774 -1.184516962049369 -3.28268295562637 -0.1470225634422135 -7.858755272098151 -17.12045458289787
 1.974496247232285 -5.934883387959356 -3.077553483720365 -3.218838302085004 1.694552848922918 -2.448089997262695 -3.13261023450935 4.368282209374563 -4.498381357765993 -21.38830494205776
