# Created by Octave 4.2.2, Tue Mar 19 13:02:32 2019 -05 <ubuntu@algoritmosb>
# name: DatK
# type: matrix
# rows: 1
# columns: 50
 2000 2000 2000 2000 2000 2000 2000 2000 2000 2000 2000 2000 2000 2000 2000 2000 2000 2000 2000 2000 2000 2000 2000 2000 2000 2000 2000 2000 2000 2000 2000 2000 2000 2000 2000 2000 2000 2000 2000 2000 2000 2000 2000 2000 2000 2000 2000 2000 2000 2000


# name: DatF
# type: matrix
# rows: 1
# columns: 50
 19.48960625913833 21.49679877851711 17.07779007255623 15.3878043202019 18.10477059325626 16.46494872361995 12.34152273169791 18.82312908848884 20.98505224824122 18.78623114977415 18.41087537998326 19.51048626419998 21.8837637736384 17.43628733081514 16.38727859948963 20.50123784050191 16.0565668856456 12.0784502151556 19.98078279046893 20.29266358137446 7.924079570595206 19.32661748140352 20.60461520432374 13.77378699698307 16.08039087520185 16.9659060548045 14.70356710558625 14.07160665588773 23.73387314642367 15.0756916799449 18.96155716115025 20.89460542071139 19.83302299952041 17.98797698439769 20.80876969062805 16.89804325615176 10.51039652268773 15.56497353336853 18.23221547308202 15.44755945401324 20.58564775073326 18.09996251629879 22.49874613274834 11.18168972738017 18.02210627710212 16.04823389338786 18.0163947354497 14.14996686556033 19.97769027733154 15.0295087803476


# name: DatP
# type: matrix
# rows: 50
# columns: 10
 0.1480364153917471 -1.111713506922764 0.01059893179692573 0.9942571860251643 -0.930911084383049 -1.999233421064559 -0.09371267747202161 0.05024294752664193 -0.02373783584701439 -0.1202496368819288
 0.9610702816839405 2.070003083475094 -0.07568141307736909 -0.1061026925228807 0.06996874045631518 -1.056783047065378 -0.9237564721398215 1.940886872536654 0.02628427546490464 -1.083061349362564
 -0.9679722963716486 -0.9486348303848979 0.1647132010397376 0.05590879078995137 0.8936545127322724 -0.02112548317775609 -0.0495428825545936 0.08176111940353969 1.031190160855703 0.1243356895083298
 1.040824677690986 -0.912246297045729 0.9124424365601769 -0.9949557614026343 1.029653523087543 1.018780761182271 1.012524276122368 -0.006085996069058019 0.9616257288004393 1.114996569053001
 -2.086581622116548 -0.1351821812624632 -0.06467170905368924 -0.8947514506122003 -0.05173626538403742 0.02820232782533427 1.034002095505668 -0.9711099666800225 0.981834022372654 0.9783062911477343
 0.05462688420007655 -0.952514973476009 0.8656323291051784 -1.034444431930856 -0.9118098435244741 -0.08312444236189975 -0.0511065421629695 0.1255008512371969 -0.948413563489364 -0.05294504608997475
 1.034094588428809 -0.01837691914303541 -1.077855782777463 -1.112139901191638 1.035837183788505 0.0714268304040262 -0.03939703818439266 -0.01969266098006983 -0.04775538999622064 -0.9278533603691024
 -0.9791728632595857 0.04862654898351071 -0.1472228750224689 -1.003925814077112 -0.8998209650507478 0.1400549191619218 -1.010927293643261 1.978790692440662 0.01626223403972293 0.06483342129784297
 -0.1087436423086094 -0.1024014567218723 0.9865341689136882 -0.9685504947300689 -0.07045301009020832 -2.100869751476136 0.1305445135021763 -0.95848366980207 -1.040429783657313 -1.039971868068096
 -0.08334318075389735 -0.9896152834293721 0.005805403329474323 -0.9429574855858149 -0.08824195195053619 1.013260310932916 -1.144775670961424 0.131534281187716 -1.056964377060773 -1.072717837065813
 0.9782525606897128 -0.1403588727499328 -0.9233209897272419 0.05685939576518173 0.9427505176955506 0.05731841627550072 -0.1492521018918289 -1.004429555132843 -0.9307005062394511 -0.9237108699672074
 -0.110588348471433 -0.06848412055572073 -0.9147953951052825 -0.04020944420277495 -2.014038470811895 -1.000716085478494 0.9099486802212047 0.0187089764700703 -0.01155232023456154 -2.095282750703738
 0.9957870194015834 -0.02784222055246843 1.99397344460299 -0.8601057382363075 1.088597757935994 -0.00462585661563697 -1.07689328257778 -2.02921632742123 0.03484811831291079 -0.8960075542023409
 0.9996646858451976 0.8814554178406357 -1.052595895797222 0.007794992588516791 -0.9549765342170939 -0.8779130167205436 -0.9594654227490498 0.8557660641956009 0.04483109179916767 -0.03665470887002176
 1.021297821968774 0.1274435368562079 0.9614823753829222 -1.062471698493045 -0.9583530624653092 0.9687360989745413 -0.07561029147411791 1.080131278902701 -0.08614182952854144 1.056841361120582
 0.9136774387649611 -1.985045770905454 -0.1037322178118032 1.033688755601715 -0.05512872282455739 -0.07475418787503951 0.01652483906608904 -0.1449047291661909 0.9900035735664279 2.028040328748379
 0.8972354627093386 0.9592102264310176 0.001198875419803791 -0.9099783552876763 1.047036927759815 0.01385997433225494 0.03749583210823371 -1.028428061872753 -2.070697561033235 0.9565537845785475
 0.07285767857038294 1.034002162709905 -0.05228476021476869 0.02475579578447462 -0.04748918760602461 0.9503971209073674 1.124891234979768 0.0821471050760163 0.9329653596573406 0.008888119794493221
 -0.9125296259365312 -0.06437300499575471 1.144289985791724 -1.032715438053075 -0.9192139499328853 0.9031554680010823 0.9428389986300525 1.08803583373176 -0.002416613660770395 0.08874693770026187
 -1.014118146940994 -0.9626680252398563 -0.8595504004943324 -0.03112718526296643 0.07955455977527581 0.9661354831303912 0.98330856238276 0.8943455112418039 -1.11155462247197 0.1373897824073893
 -0.02798141319325076 -0.02301964294182124 -0.08382406901629125 0.009047887884146455 -0.05430703360626854 1.111298975170294 -0.9905877218840073 -0.001004510037608597 0.01310545731345414 -0.9729043793376544
 0.9466564956003758 0.9974822716860032 -0.08525821615072537 -0.06306478608445509 1.001707315116959 0.09726908970695014 -0.04522207949343482 -1.867785212746441 0.9812035692182048 0.8751878282863998
 0.8961400465359919 -1.021929892271742 2.04499674310533 1.028627917140756 -1.131281672985142 1.043618145182871 0.02686798166503213 1.04598805141465 -1.021577467516047 0.9205860396169054
 -0.8937800612738194 0.0759845509013104 0.07101066533527778 -1.032863734781807 -1.076770452529576 0.9596923082764235 1.068257582679712 1.051968323409761 0.01261796887973166 -0.03085139501862333
 0.9074375278941256 -0.02878430683186739 1.037739234462481 0.9036904397300072 0.09950852770430707 -0.03929894622443886 1.976694913856166 0.06832156304319703 0.07328510951304068 1.035507609739983
 0.01591299902659316 1.056112511277433 1.007016821026679 -2.121033380978341 0.01298428315678724 1.028587423384223 -0.01138051491239001 1.069137587219805 -0.052352538369977 -0.8917884202738922
 -0.01185738418259863 -1.086864126295309 0.06222338307694208 0.8824107592244577 -0.9836895843294311 0.01257805082956143 1.085177846894113 0.9891949353811595 -1.050110419586491 1.053688025519468
 0.9895276850161432 -0.9657793909009031 0.008914257399802672 -0.9563100734050121 -0.9765733168717752 0.1428768079365756 -1.051455954581699 -0.9862753634599084 0.9768530521985435 0.9207749889485477
 -1.001093730002475 2.053060339145399 -1.959420401430976 -2.009947731546781 1.106386608452204 1.038095773503287 -1.012804347842851 -0.9313487747751887 0.07249161649548075 -1.021872735515221
 1.058140481308351 0.04330854106726001 0.0001705780997882655 -0.9986838955877371 0.1635298236843923 1.029949668988629 -1.024398997619751 -0.9644680038537228 -1.046593233466313 -0.924149525582064
 -0.924752093075984 2.11522177902658 0.005491850264410125 1.106592512772088 0.9342701697790057 -0.9180516902051608 -0.9664671408827887 0.07895497690943731 0.03153422791533789 0.03334817286605052
 0.8923309824308117 -1.090308605477697 1.015846717998326 -0.9098930132082748 -1.030436705842661 -1.12236216422987 -0.9573421756620322 0.01161030139782504 -2.009377468056696 -0.9906375647035794
 0.9685513117607369 0.06482411522465448 -1.089238386646388 0.9172344065151794 -1.050761820122794 -1.914816509387418 -1.014552369385889 -1.025353582769642 -0.962538672804385 1.093504213214426
