# Created by Octave 4.2.2, Tue Mar 19 13:22:15 2019 -05 <ubuntu@algoritmosb>
# name: DatK
# type: matrix
# rows: 1
# columns: 50
 2000 2000 2000 2000 2000 2000 2000 2000 2000 2000 2000 2000 2000 2000 2000 2000 2000 2000 2000 2000 2000 2000 2000 2000 2000 2000 2000 2000 2000 2000 2000 2000 2000 2000 2000 2000 2000 2000 2000 2000 2000 2000 2000 2000 2000 2000 2000 2000 2000 2000


# name: DatF
# type: matrix
# rows: 1
# columns: 50
 8.351196607477211 8.743689654769605 9.750586831744949 8.781216808845713 9.357235513870798 11.40142211148185 8.49728037585175 6.103630570646615 12.39505126616411 8.534087592072954 14.36533073466908 8.630548512474249 8.129289450743856 7.294873923046287 8.48600306560661 11.8724582628235 8.62873671265559 8.693810119652371 10.51975139771991 9.451687978263616 13.3988982994072 8.110163073228188 10.64128985779525 7.292987941732006 6.902619021583301 8.504536697535231 15.91319232491085 7.559335870891892 8.257334821565818 9.73688626383319 9.729945485657847 8.946113718409665 9.898650766064208 9.590213022077915 8.7737884867426 7.593127905216631 9.26735942710661 10.89849575088406 6.470546212330424 7.18728418655293 6.364244198508517 13.46752530271277 9.010949112899558 6.906204125232449 8.044565210831584 11.57451441029514 11.87835673654569 9.192994035344675 8.824237627997706 12.9968883980782


# name: DatP
# type: matrix
# rows: 50
# columns: 10
 1.342287498947684 -1.226572210335895 0.6953381135378507 0.2582641762549045 0.03966956533080435 0.1997086065332034 0.1362811592208679 -0.2610876744713657 -0.053219156225218 0.9995125979648947
 0.9300564516260508 0.2240308755337743 0.03962814241280199 -0.363138035345731 0.6549349013681933 0.2701349471956469 -0.2215378645180159 0.003914467606595196 0.1689865183927104 -2.95432924756183
 -0.04799592808016939 0.06425521162788073 0.06166979460437005 0.2291230038920098 1.844185889287331 -1.528697393488553 -1.085578974371934 -0.3613813835821595 -0.1083056883636431 1.866010141486065
 -1.493590619931176 -0.02522854942983344 -1.848357670762059 0.3008692110873206 -0.1647941960710924 0.01864833383480757 0.1639701978003032 -0.0532418454804926 0.2413675375921613 1.768280815678526
 2.555535823914902 -1.854740153550534 -0.280621282136309 -0.6538676894621425 0.461441838734082 -1.278020584442199 -0.01594842776286498 0.02889751041041322 0.01605521048078629 0.2450840287112861
 -0.4147558119169972 0.1247383696410225 0.04073978457203253 -1.377147974263952 0.2753101177315997 -1.812698635378013 1.655769181371994 0.8336599525963102 -0.08755130157631896 1.02763294647141
 0.3730250659012846 0.07469248618697222 0.7289946505359062 -0.2930937988551641 0.4722485215010899 1.261907847557506 0.40763348789406 -0.3024222690422 0.1755205483370226 -0.3455642912652763
 -0.6751719640766858 -0.2198833474451192 -0.4617813837380353 -0.2643053319027473 -0.2535743723185568 -0.05302421831407145 -0.02346173357184256 0.2583109009449416 -0.08990482391717691 0.09100054127892676
 -1.241520404774967 0.4074689208486291 -0.3315235935864003 3.016755929086699 1.421291268299157 0.2431868243277151 0.4391794987263324 0.2486928044620527 0.9410917808699573 0.4763866953639777
 0.02837657632883506 0.01020179533044185 0.1057388186473922 -0.6800168946125993 1.760148467030159 -0.5021273989682449 0.2754084209211918 -0.02063607565107262 -0.1823913186764763 -0.6633842766774833
 -0.1442328261783992 -0.01540249263599947 -0.01542036518914358 0.1642167555202505 -1.860618792445038 1.056801253063039 4.969481310595228 1.368610787768709 -1.804675282903013 2.500083089373675
 0.3456100514361822 0.003684148732649106 -0.1542259471808869 -0.4651272835785356 -0.2653294777430943 0.025037205205102 -0.2433518852833387 -0.6515780467185799 0.380113319288629 5.182967435571463
 -0.1614062075078984 1.357954746355389 0.0744057621796621 -0.371002335369095 -0.134049273738249 1.393885001408666 -0.07792581914152663 -0.1258497487198156 -0.0388545897749637 0.3499177447068647
 0.3046235687636951 0.3928149112929482 -0.3360441349198808 0.3640383365476403 0.407330932839983 0.09085401851742958 0.22592420989006 -0.1589124384646858 0.2257967685638747 0.04552959487232044
 0.04650866828346523 0.1406398732889471 0.05292831526281105 -0.3275809271238614 -0.1046335886440879 -0.9788832242620451 -0.9781433593989064 0.2721163366097912 -0.2341870354668885 3.232286298583162
 -8.950503100658306 -3.050159618881526 -0.5092621978933565 -0.245779638926475 -0.1034980942950838 0.07406149749847302 1.406285989661598 -0.0236957295692477 -0.3336019200381379 0.3207684313113717
 0.01994619858125546 -0.671531693870449 0.8400980997892837 1.099917440361516 0.09129749977554624 -0.3531023368399033 0.3617940946881966 0.3512979339305744 0.1361059253305363 -0.09367524396120075
 -0.9391482991586031 0.3849164989427543 -0.3649481756568669 0.3170219735241666 -0.5309073199810257 0.1516562308371725 -0.3339985211917664 -0.1429772182838356 0.08221245315333547 1.73926775470294
 -2.434551745948223 -0.09647426189085095 -0.5087966087653584 -0.1322696128864962 3.044728589987287 0.7717883417633615 0.05798263638103762 0.1591126703989723 0.05539217198934665 3.115660557717199
 -0.3228828528247725 0.6478142203838146 0.2890359798314321 -0.2550116214026765 -0.5965663368175207 -0.09857609379659849 -0.9966589390851333 0.2702473803858716 -0.4061589486722426 0.318550511301801
 -1.720595506714488 -0.6334975885425891 0.9075825393400976 2.141051741811808 0.9985761258494676 -0.3170206630878205 0.9131274644377427 -0.409656789552546 1.866824027503633 2.412883413955946
 -0.3333805940840939 0.2904395702810589 -0.248085800895069 0.02908502973698646 -0.3417136263945757 -1.395829618715101 0.0692359864024823 -0.07699602662803784 0.08925942528557229 -0.583001651512479
 -6.121407301649125 0.04653873023021049 -0.1662587272677847 0.0564193625996765 -0.4434824968215665 0.3046818602072605 1.327651236598584 0.1514783785843541 -0.2329991697754252 1.008945887234411
 0.02467332616108564 -0.7396603255717658 0.143008202021651 -0.0628617456005145 0.2163773360645926 -0.4571623707583576 -0.1694294629034339 0.3006495212414855 0.270442300125314 -0.3953069364528297
 -0.8640465202469052 1.066696010685579 0.03726391617423275 -0.5151190829115109 0.02407626617243608 -0.01702416629088077 -0.2199248607850848 -0.03163479578691408 0.06841231538607673 0.5558147060678991
 1.232725481087286 0.6174093519172104 -0.4951038210224361 0.1268680195881871 0.05725762451225691 -0.7516551701799017 -0.6939480980606234 0.322252696815049 0.1144177783772768 0.4095372788382612
 -6.285355842788963 0.6500914831764462 -0.3304504938845021 -0.05530713507146601 -0.08427164583743973 -1.862317986971778 2.523799089533462 -3.333924653173501 5.36048192421309 5.869147298213527
 -0.4888544502232328 -0.0911895942864156 -0.253108010156442 0.01510047825833283 -0.6780418525801721 -0.1354356614230134 0.3294280879984655 -0.004082314071641946 0.2619080480601603 0.2869971217753893
 -0.2915791677790303 -0.09159351438037433 -0.7484071151982334 0.4388535145612309 -0.5663535148874566 0.3544975025491617 -0.02894001964707726 -0.02150386581890729 0.1335680955800242 -0.219435378048928
 0.7239036587550096 0.04857378527053413 -0.1672665861862406 0.1074805058761825 0.7865302087255124 1.679458820337167 -0.9488810522734177 -0.4140146822923398 -0.4113892384070006 -0.6109300716258161
 -0.2997380837317003 -0.1475331815619469 0.4076014540718518 1.813578483317372 -0.2250630719847564 -0.4692898328998751 -0.5571383571719331 0.8918865679251127 0.5888124911239991 0.4973001056810027
 -0.1501927395203424 0.5195717252631944 0.1362128980600907 0.7690968534468716 -0.6928663962668828 0.2738098258762633 0.1797676270236295 -0.7336187853713767 -0.4266018586990192 0.360334150291564
 0.4078079537161159 2.400559233294551 -0.4290241697257713 -1.337502250345402 -0.06983377877083541 -0.06718214029212177 0.3065359407358343 0.1877916712784895 0.2539159190475893 1.397490597929753
