# Created by Octave 4.2.2, Tue Mar 19 10:52:22 2019 -05 <ubuntu@algoritmosb>
# name: DatK
# type: matrix
# rows: 1
# columns: 50
 2000 2000 2000 2000 2000 2000 2000 2000 2000 2000 2000 2000 2000 2000 2000 2000 2000 2000 2000 2000 2000 2000 2000 2000 2000 2000 2000 2000 2000 2000 2000 2000 2000 2000 2000 2000 2000 2000 2000 2000 2000 2000 2000 2000 2000 2000 2000 2000 2000 2000


# name: DatF
# type: matrix
# rows: 1
# columns: 50
 2.194611615918911 1.473661924144847 1.866417968874186 1.211576990911132 1.385949275505872 1.422028627705981 1.095925641984262 1.487126964794302 2.22725124335251 1.428757339779454 1.035964815875822 1.580202749219549 2.036161289505718 1.295614375469288 1.734154544584383 2.38402707623189 2.16768932337531 1.684556744064377 1.573208040651799 1.608093389314 2.094487958180074 1.443123991936693 1.635627100003846 1.455455943458755 1.108588675622167 2.056240603837991 1.422049835127818 1.362837016537294 1.429773974293445 1.854860609872452 2.350419027032106 1.674028054354203 0.7356694692946685 1.345341938055024 1.23670330678856 1.766930287838982 0.4992485852810317 1.983519931933564 2.655843632150301 1.298743720027368 1.289901652947511 2.901234396926744 2.517297768415772 1.650196789789795 1.732762384588011 1.656323593932787 1.517733235172924 2.838208784648981 1.660673739905473 1.492808525214139


# name: DatP
# type: matrix
# rows: 50
# columns: 10
 1.396102846597918 3.669573808560633 1.138999110084621 0.03804105635949995 0.5794337490463644 3.913313101052747 3.660036258420078 0.988050377749417 0.1290599342978709 -0.3576120161973719
 1.049322778894018 0.08630220876543326 -0.07834703767031215 3.692369248433142 0.975381180218303 1.337855946372066 0.998685897542595 1.146711616133494 3.79607516738832 2.977207805572023
 1.447162232330619 3.826231250982623 1.319955907497642 -0.03469747109205734 1.368744306933399 0.6204810447184013 3.861058710513538 0.004809297352057484 0.2151182652968249 1.66081861997249
 0.6930319544724366 -0.2965411369597728 0.3902038902393183 0.210047982582946 1.186445957396014 3.537933309393477 0.4542715686346277 0.1006160452019706 0.9708291935056721 2.169007350211064
 0.7325333022553693 3.538780360808373 0.299097572097887 1.098705245571541 0.476460346509981 1.049320185160648 1.531965842265096 -0.4185455248458982 -0.3900693985283947 2.350154664426919
 1.223865051256229 0.9014206035168222 1.615159770632509 -0.1713487341846172 3.102324230396707 1.075479621908292 1.01796892279169 1.374972190429162 0.7443459665619017 1.035337606266822
 0.8909569274360951 -0.6464725074716497 0.1338869395481517 0.5575352284742898 0.5104318617323234 1.741667497814857 -0.4440776271456119 0.8253083144184536 1.04241849807674 1.370842031797549
 1.15960522849913 -0.9081174773415412 -0.3424344287862997 0.3357765975318614 1.272503744007818 1.177682942256716 0.3038134666359973 -0.4618833675720886 1.45913401047968 0.3093416800777398
 0.8397992534840881 0.4266068862868515 -0.05023849178560447 0.877692520046832 1.464675584398591 -0.05154226008035678 -0.7702205709602641 2.487192313101286 0.8077217639613359 2.644126556525022
 1.287627997267146 0.6236984310476092 1.123876594978807 0.4080405181245013 1.68293409446663 0.584332875116468 0.1835041242527353 -0.3583719404936652 3.705456843431259 2.097838009111356
 0.4755677762676918 0.09854319683690349 -0.485398422935706 0.4104840345477374 0.6803289347251127 0.003232897252031464 1.134867314726343 1.481734995582817 1.181866687079243 -0.09308705328328237
 1.284040037467218 0.9880161460423107 0.8839484906307327 0.4370039778239043 -0.1083321593254674 0.7452598064655653 1.426362266834717 0.01408065367291478 0.7034587198384674 4.678342692621948
 0.8328587997342147 0.6653066560490171 0.8133912456498855 0.8209555996684532 1.369538177573739 3.171560463136016 1.921001013004282 0.9737426918981278 0.3510769512298832 3.270067013266344
 1.01563363012616 1.147563415256254 1.174679418367941 1.821545713944294 1.732310228441683 0.1328623579688895 1.40364874849694 0.01729441883077776 0.07010929166452229 0.3122328637630272
 1.274034703788034 1.497349032111734 -0.7343744059134565 1.040463918729222 -0.3938107422814721 1.645675246078628 0.6581384087281847 0.2537552467774873 3.55605437468896 1.492026511592456
 0.1146185875045003 1.348221782941794 -0.7060007907082984 -0.1966041201747313 -0.5970895883023228 1.301045018376685 1.617305392106999 3.606106610654409 0.6470820540222011 -0.9819498818650825
 -0.3792780846938673 1.663219825101489 3.92763568806523 0.02812332106269722 1.305764397007099 0.2909760262638557 1.078384971373739 1.198795003478876 0.8110837354281504 0.642941256776405
 1.232381776030643 -0.3491858550491056 1.112351751111827 -0.3241963533594543 1.610526935807176 0.7236977172241446 -0.07337961531474591 3.02284674687334 0.6057955036907732 1.103434878645579
 1.038429554795725 1.161820700621908 0.5251551315105658 1.394256408571506 1.343798273196967 -0.05614308840470095 1.050618527410009 2.003377541375825 3.63789442866123 1.934767101381784
 1.36503088255764 -0.7010787321294671 0.6532960230493821 1.321753360357695 0.5497094986296354 1.084930888577528 -0.05140870864143388 1.90447960526182 -0.5031602907201993 1.764451688765856
 0.1985736513968686 0.3038194872726443 0.7912670670004136 0.674745596736738 0.08535898286967658 1.482092617048627 1.857920527370363 3.380448244546207 -0.3188646665887749 0.3597440865646053
 1.0952390258575 1.292168387267491 0.8212220148955431 3.60750733974276 3.379287996334385 0.3039808298865108 -0.4297194642656166 0.8961025441054371 0.6667135576960082 0.5838565846737183
 1.078022757105202 1.351345898988626 0.1014367778047074 0.6451525707621659 1.289262165560245 3.746596081450649 3.491351426977385 1.140515870833553 1.723442105255248 1.120222440917569
 1.097956246052847 1.68336755563972 0.2184517810754851 1.29562805490894 3.932845479262806 1.43852485035109 -0.05978142657135166 1.175652293936494 0.5027369440740692 0.9482644289926547
 1.375045454956762 0.9528084500596474 1.540349624525481 0.5518211804539597 1.227041436763928 0.06551218884875354 1.393570798869018 -0.2045177793850765 1.585758264160489 2.01315305745816
 1.491096740179241 0.3683036248198484 1.178602782497105 1.815456818337463 3.537677324615425 3.606884141094659 -0.03639553720872435 1.301423215159234 0.8475525315256078 1.850168483622292
 0.6735023969328662 1.647855581001378 0.5513267549051353 0.1254520200386668 0.7991280979724227 1.269344969082411 -0.532930257215531 0.4210591176903868 1.843547950454536 0.3220143332521612
 0.4682424056608152 1.461425871862817 0.7952785393383071 0.613325217166178 1.219215249698097 1.284374584834165 0.4966745585643242 1.642533827877351 1.850898030868306 1.048793623234992
 0.359420489513866 0.2916773386470286 1.12456379862533 0.0282030563176825 -0.7418251048902373 0.9638484281129927 -0.7216176410683026 0.4642156167045481 1.085634059458554 1.305510768329643
 1.177911942618003 1.270671614370332 -0.1262134172798177 -0.8130947115234921 0.07419133868124561 0.6457342281306246 3.618801426177447 0.5969082440082154 -0.6361731564198134 2.273862557675871
 0.469247344919383 1.013078973814165 0.2139708695548102 2.434901261267205 -0.1590497626972471 3.580399168180813 0.3823653454687967 0.3204147339795611 0.7743829083147808 -0.6029475629133341
 0.8840065661602559 2.370688074415268 0.9214478204773382 0.2913316843852645 1.032195735355462 -0.560342691935368 0.6993910235567427 -0.3732230209802694 -0.4651698773176225 0.9062942779961531
 0.9040576835501426 3.661517229097305 0.8473164269920641 0.9481320122393235 0.2378520735882841 1.09678285629742 0.59482112523472 1.071275832404613 1.048115632842558 0.06699473171490133
 0.5797255276796189 0.6609161565235304 0.2165598577638477 0.03208739795821103 -0.3499640689928132 1.046447408847767 -0.503162967981563 0.6632489659047245 3.406270230019459 1.565419916556731
 0.2125883570632592 -0.179702595233465 1.354462668864851 1.245991772998408 0.5470782274298358 0.6931767719313697 -0.5662141443847446 1.60162813878415 1.183757073417596 0.6788040502967441
