# Created by Octave 4.2.2, Tue Mar 19 09:42:23 2019 -05 <ubuntu@algoritmosb>
# name: DatK
# type: matrix
# rows: 1
# columns: 50
 2000 2000 2000 2000 2000 2000 2000 2000 2000 2000 2000 2000 2000 2000 2000 2000 2000 2000 2000 2000 2000 2000 2000 2000 2000 2000 2000 2000 2000 2000 2000 2000 2000 2000 2000 2000 2000 2000 2000 2000 2000 2000 2000 2000 2000 2000 2000 2000 2000 2000


# name: DatF
# type: matrix
# rows: 1
# columns: 50
 407.8078268490499 506.801759100035 663.8522466986025 410.1574279210936 292.0016277007044 498.5117547585338 118.6635458978254 479.2788738609503 322.7847260208601 465.4878210749624 545.2044436406461 594.4926177320615 684.7605668562348 498.0000521779165 406.2573251755969 242.3841583169002 339.3992595883477 150.5932256846654 96.881435215539 229.5017454649776 262.0979960881636 266.1414301997454 321.6968776351365 176.5240613065918 461.3809749899202 214.4931561353162 380.0818083583785 327.3838080798095 517.9399971789636 646.8269214861111 227.9287591222069 140.8723647670368 330.2713606449978 674.5233581303686 693.4835599944911 104.5975168147964 187.6699043980512 390.2937287223307 571.4621573044074 262.8370204799883 238.8278548095298 254.6772123235064 280.0481131040895 479.2093560496004 420.834642959948 182.3422707990796 272.7407672193306 402.5434178303251 398.2268561060377 140.477917320913


# name: DatP
# type: matrix
# rows: 50
# columns: 10
 11.7485829654978 -0.9030510700999486 2.71808341081065 -0.8790325408430704 -2.768034479278313 12.47272939386333 0.4300049283758369 -5.261391370234037 6.351225774736278 5.41906289304525
 2.528601459699772 7.451388417260858 5.759654571423084 -6.023599617813503 -8.39400494501588 4.317986492289634 13.68579996938647 -0.03039184989576427 9.944336854509828 0.362167044613841
 9.82234136886737 3.142170046568552 4.336058586024748 -4.090938252058592 17.2823365825558 10.62541437100236 -2.578239277273767 6.460948395991394 2.038647772725213 7.605103502968447
 -2.136363574437439 6.590573252972987 -2.350122388044085 8.918019773640893 -5.953339809687336 10.99971331610095 -6.253062090266326 -2.478943116558398 5.850960945784138 -6.417782676229038
 -1.655757332401507 3.701382622741079 5.860374350552718 3.649043396719051 8.842071479425087 -5.941876572663176 -2.160881751798186 4.568457035795547 0.3867058778725436 -9.419261142788585
 -1.020891752114508 -13.77010840875018 -5.887438642869654 -7.543882290113984 3.54308487590221 -6.172573723190993 5.328905091075896 3.941778599666549 9.758901437503368 -5.143581762561169
 -0.5356091901833366 -5.478853370325609 -0.09964449741350734 -2.837741570921409 -4.997856441470958 3.743749093929978 1.821143867847155 1.417085252297241 -5.185548001693491 -3.014514591951865
 -2.406088102680954 1.990155382601188 -6.87610508344136 1.225718791511653 -15.59063063401281 -11.56337470015913 1.568057984832905 3.043630874664373 5.514897817695555 -1.352662956788365
 2.909459368903711 -2.778173097750724 5.079817453545317 -0.5133377583208585 3.134527932299136 -10.05124176813754 -3.986510870301572 1.664361080884944 1.92219099412884 -12.1376914625726
 0.5515638118143045 -2.022437707956684 5.414970956510572 9.028423444446631 -11.05046654370702 -7.89037269483191 2.722736558327014 5.855336386278324 9.537869911268686 -5.763591822645026
 5.713395703744808 -5.07930663693746 9.173417260949094 7.751017082549765 2.349404474854211 5.069463349675544 -14.3017926211152 7.172769965248875 -4.042183197863793 6.243720125578989
 -11.60096934132143 3.765743254691088 8.154234381576387 -2.366984918127116 4.567347510830842 7.874528908045193 9.764472850069865 1.770675394119181 -9.446720799000758 -10.15113421286067
 12.29218870690251 17.72905575049559 -1.871731334223057 9.320601023732394 -5.512629060333666 -8.355720630383232 -1.835573089147985 1.159040680477645 0.4023593187868784 4.887179239497016
 4.909198998259356 11.92599641186095 2.286957652769289 9.041059696805419 -5.508755034182059 -11.90191011579005 1.253883813706693 4.024002544658302 -4.832660905915347 5.619449461530905
 -3.26649517051159 -7.955227684900805 11.56606114123477 1.938559901237539 -4.26823361317669 3.947711305183446 -4.604014712415207 -1.605070347660146 -2.748370624750692 -11.38599648843928
 -2.026275960862236 -8.428819369286629 -3.922185784133006 1.533162600527035 3.698059072987093 9.023958768606931 -3.063564141986291 1.940084823537262 5.76117387986676 -2.837479090477629
 4.231157327514765 -0.867069983133149 5.679111503971257 -6.679596368624829 -1.581648303318431 -4.356244080692861 -0.6119133370251006 10.02279978416028 10.96999697525051 1.106878878591075
 -1.640829728922498 4.122554246580023 -4.96594053716079 -4.710518206277229 3.914991195826545 1.891912743077185 -1.512654839780907 -2.709183695198007 7.286068139959426 1.560391934572891
 -2.959504486763294 -3.137479703902102 1.007550412896762 4.440945095895785 -3.127454072593139 1.924337929859547 3.954527558427785 1.556190308247807 -1.876472239519842 -4.740952260956306
 0.9015492780694814 -8.366968439490108 2.905548258651336 6.739359003998629 -5.735995513580633 7.055002768132482 -0.8661025634414159 0.7830827028104892 -3.545484302732589 -2.865851239631809
 4.49163813605287 -11.17830662865853 -0.1402026795859115 -3.414943919826058 3.454932311116622 7.985207550385894 3.619083550212792 3.524474889174385 1.683708355677339 1.110173580901176
 -8.305328423788666 4.200928195634418 -0.6950604430588498 -3.248251274864401 -3.777393773045233 3.205593582107767 -8.826163249754615 2.255155135163591 -7.659295648367177 -1.511516043365873
 3.062234346045017 -6.677388225628732 3.826002077905201 10.07758860646848 -1.082047482805635 -3.815659980820698 0.737760521542782 -3.179688109004559 8.288203744136027 7.513779654849486
 2.442749743341864 -2.275956630684178 6.093849876609099 0.920194742457582 4.756225765370232 -3.748868111735533 2.794414565461366 6.669400844160307 -6.058992629598862 -1.310932496699621
 -5.317430226343873 9.046310946682311 8.643860696023992 1.092183527953736 1.756267211795489 14.32144176793113 -5.909036995174532 -3.46919669705288 4.141903862775578 -1.750827252954764
 5.184633049932557 -1.616608655195535 -4.796799624775659 6.243047793262235 -3.174675874335293 0.5149104146314585 2.479182059370245 -3.522391125581422 -3.602683995042568 9.007650404195829
 2.796001592697749 -3.724338959684118 6.33241546970855 1.369546796787006 -3.649653346976109 -13.16603927230661 3.7124283200245 -2.114533126997287 -7.712270642290477 -7.212578328611571
 -14.38712142567709 3.27469000162786 4.006715251900459 1.804847651920596 -7.974230640824302 -0.269783198064161 1.834134769934209 -2.081931189742178 3.647892865275779 2.385992649352545
 -14.7145039334258 -3.818901857222869 8.466667821043515 2.027827621578595 -6.73196711073011 7.941721775163359 -3.28798686737322 8.069673301864924 -2.405542727366267 4.575517930927418
 -4.497511745878228 16.04358111122384 -7.539001527633232 -3.674679614825294 14.14417831879935 4.711507285494335 7.480838638233521 -2.847147444528147 -3.034413780416358 -1.824844348403445
 -1.241695138060663 5.710774171487046 -2.68380060629292 -2.740811597187871 -10.14694867267742 0.8088182210034631 -2.788969755466852 4.406507809428334 5.539185315549517 -4.191203305847097
 -1.482226838880464 -1.636402719078262 2.058217380136767 -3.636691392195473 -7.274766593721907 -2.007654734780772 0.4767997796536605 -0.7203615147321756 1.992333509543641 -7.541035297484783
 -4.610164222642481 -5.934416148514146 11.07740682914985 1.270366990457333 0.2360029989632721 5.781986752620369 -4.375872502489244 -8.254105927566457 -0.7613220720944582 -5.304005351674874
 3.044168327188814 -12.76748825308131 1.279993633261839 15.40900535142801 10.67864984930142 -5.149032000147216 2.375807545332634 2.978647200099189 -0.3884690445831325 -10.39028437704036
 -10.79316628670803 -8.737351480753546 -7.397917946358305 -5.685794419653433 8.701575322406228 7.3631853363201 -1.490009483541826 -10.23514997073573 -2.079723464476999 -13.12839587376999
