# Created by Octave 4.2.2, Tue Mar 19 12:21:37 2019 -05 <ubuntu@algoritmosb>
# name: DatK
# type: matrix
# rows: 1
# columns: 50
 2000 2000 2000 2000 2000 2000 2000 2000 2000 2000 2000 2000 2000 2000 2000 2000 2000 2000 2000 2000 2000 2000 2000 2000 2000 2000 2000 2000 2000 2000 2000 2000 2000 2000 2000 2000 2000 2000 2000 2000 2000 2000 2000 2000 2000 2000 2000 2000 2000 2000


# name: DatF
# type: matrix
# rows: 1
# columns: 50
 0.6627688283877452 0.5351110263258498 0.9631271937600018 0.2909010457727627 0.3505789849549972 1.042231504356537 0.9316308897040032 0.4145998515035966 0.3171536193588721 0.6617988709469342 0.9953154390312228 0.7543691826099033 0.6562326399314288 0.8279734045587395 0.8167815094256504 0.2746978086907681 0.6148782188975642 0.3251520712369599 0.2264495166593617 0.1351820998434565 0.8601179196569755 0.575458791410299 0.9544872584264081 0.6277420354644607 0.3326079288940413 0.3828127500840989 0.6284065342494498 0.9198016980642687 0.3543000935333482 0.8530538548903265 0.9388843843664096 0.9605592862228973 0.9542517205824481 0.7029247317577783 0.6267353249327006 0.8996472562118676 0.2943652747787747 0.9132014404079674 0.2025898791464403 0.7837333465638554 0.234490793935885 0.9439599949834369 0.2051395143196001 0.844064493581417 0.9447760537121106 0.9052353498502251 0.6569055147848223 0.9855834300853608 0.6109912820354866 0.283098611423962


# name: DatP
# type: matrix
# rows: 50
# columns: 10
 -12.40846305714732 -4.367090158443141 6.640108122934762 5.445506457868255 6.765230745037812 -1.290153741002804 1.056107500108787 1.444863640382614 -0.6577445193676397 1.54905724052837
 12.71380816803022 -9.425243983295715 15.72829534221977 -0.4141348699253413 1.183847886342107 -0.02808097647178442 7.675497266025261 -8.547015038001106 -0.9756804410708142 9.096317283146249
 5.805805970754413 -3.297011514726634 -1.33243969626286 -6.568934517651151 1.278260347272663 -0.01512166923022562 1.362029473922448 -9.303543989844279 2.189594960557031 -6.250417490679183
 -6.139486658827209 -8.905521685263835 -5.461410904950263 -12.27504419763343 -6.134831487594177 -0.514126820008201 0.2592116859434626 9.442318055025176 0.244881896515146 9.214557705726484
 0.249927536288169 -13.48526350271958 -0.28073730022723 6.189829795999856 0.4034227689320744 7.445348114431404 16.78987041802138 -8.962119249789758 -8.401000920874502 -10.59202117345248
 6.49664218904627 9.00831123904846 15.11481237909275 -0.2911320387741299 -2.210743784100679 -5.815468303495265 -1.36756615461433 -10.4464774868215 6.038892541670101 0.2063376931348131
 -0.02300440360161105 0.6937771441250291 -4.922183109060754 -4.245761759242889 -9.128367531101617 0.7024499885580582 9.44630033223752 0.394647181974868 2.951021960373467 0.09106190350402699
 -5.965580055686559 -8.304757077310846 -5.195662760120463 6.966504743429113 -14.57982984708413 -7.58815312515943 0.1811812530378845 -0.1316388160831892 0.5377494192094119 8.718243945767171
 0.1495533754224638 4.692137017950422 0.0267335342414512 12.05294164125194 -14.2482717180103 -8.229398272813548 -8.660458756420361 8.597959550350971 9.837344301067638 -10.47849341363005
 9.202136763505408 5.307968799166069 -0.0749592466946325 5.798937921877766 1.050217968669173 -8.505089204717031 0.2690435861498059 -0.6508887897786266 -16.7567995572124 -0.9377300185869331
 6.023692418108133 5.305139333409265 -5.847819760725407 -7.921727466744343 -6.237656204262962 -1.107784057013404 -0.8037716318092905 -3.322360520681578 0.3960533306330021 18.24573014898147
 9.197722200914718 -4.338094072094769 -0.3886269973467193 -6.014966735852809 4.644580159815312 -0.3691955831076186 -0.4090339792586803 1.152619100458793 -8.558591829167703 8.003633799815361
 6.518815463329261 0.7877383908187667 0.5564325588698509 -6.715294137535892 -14.82618997094035 -15.78890813549678 -15.98413944181264 9.961650690056523 1.144851116761082 -0.853405545922989
 -7.172620356193121 0.8480926062937684 21.72595207645983 7.154422290620602 -7.44467820091581 7.431374103505213 -7.323598077852985 9.335290241742165 0.9218263170177323 -9.848293038485146
 -3.388135062280881 8.610230303164471 -11.74210038230898 13.15377048891892 -6.16343030383738 -0.05195351354819167 9.556005721478463 -1.20797272698038 17.6083247297971 -7.593442265040352
 2.958680183794932 0.0352941653091321 0.02595213850329259 6.51663754875382 -6.6333403776813 -0.04781574966732194 24.65845925159979 -9.063865901643169 9.659992365741033 0.3553026288048855
 -3.043209808177423 -17.70666525532552 -6.53291694594057 0.8394593337933074 7.847385490329401 0.2583558818971667 -7.497276706233151 -7.397691991407008 0.5291976576250192 9.314252825751566
 6.447666235686889 0.06379827132155924 -5.920600958284851 -0.02546660466580164 0.02141387471967704 -6.145668110872201 8.159492165721673 -0.4808963422424171 -9.652280478403235 0.4178407550629473
 -2.896764848403926 -8.870941967833339 5.35875442351913 12.79556533178292 -0.1017133426558772 0.1372806144446628 0.8478583250970146 8.916453252148962 0.5094666724749075 -9.407859511301837
 0.09939242795562819 -4.126929846510507 5.447107923969675 6.132618328007204 -6.692143278957424 -7.684676702190416 -0.01384786096424762 0.4792410328723022 0.3216341683131034 -9.717853387209942
 -0.05311639647521105 -3.655945316908088 0.8350148425514234 5.244866743446657 1.907381841057855 13.79650272207418 17.67622432914111 0.2309203338429455 -1.42655373042674 -0.3184260445326075
 0.6950903510648416 -0.4810012325383326 0.3873916772594299 0.4661330261573937 -1.14670792077154 0.03882116020580639 -7.2711435783797 -0.3550619479486627 -0.3957015211657549 8.101668684192283
 2.889910067417887 -5.213734982549077 -3.850662992457593 0.3361722421235172 5.229814269346413 -16.48619091244335 -18.01398490621797 -8.235010247934255 0.3863138226282743 -9.18667875826867
 -3.671816222462141 0.5648998026577488 6.165096378441525 -7.093771721753996 -1.074849266616255 0.4675027435500567 0.539230144432203 -0.7848240078153879 -7.929254857897767 -1.676148482649005
 6.224836368306775 -4.280485510893669 5.543871731202259 -0.5661728747787151 0.07537876913382036 7.847718009050233 -8.15858620895429 -0.08507466304771327 18.22780555136727 -20.46990455043712
 9.421669681759724 8.718432795247935 -0.06378499615499322 0.03373987069610962 -7.846730184935808 -7.759480423517523 -8.18549397368605 18.81985002216317 9.95815594638767 -10.20942150040374
 3.093504584970191 -0.587810357365548 6.317299771905091 -5.861344442251593 1.035306073891697 0.2247521296796791 6.307700906342056 -10.17679762177084 9.592483374999205 -0.2756867219889259
 -3.001888477731882 12.63652372505261 5.029810324736019 -0.1597401531854814 -0.3311473783017647 -6.107862218465115 0.9709805380689147 -0.5524264070577871 6.105226088544534 6.937221180630274
 6.027959496128489 -0.03928011706197054 0.5356882659275826 -7.217522841399131 7.561714467972308 -0.856739292022084 -8.711720474783498 9.095528945235031 -0.3053010878377833 0.6195170172310256
 -3.234629913143394 -1.126637713560854 4.956651936622578 -1.814175112169153 -0.8967011509875178 8.619677296390925 1.572862987406161 0.2898602975167606 0.4565384401307284 -7.24370846670103
 0.3541336731817424 2.788274478600933 0.0966754774254639 -6.938170910922906 0.7523249678804405 1.055346871136003 10.58640212628287 -1.850160686037135 9.946002964497843 -1.705786626782086
 10.24044386173068 0.2264610006479657 6.219476850998234 8.419106415711596 -5.679872694468649 1.969860477631272 0.92116502569381 -0.7230394196546754 8.7209492539466 -8.952778814144907
 6.056685385607175 0.292364043298484 -0.2947496518120687 0.9323255877015342 -7.970799814536775 10.27738427988905 0.5085900420913347 -11.80046505920636 1.43804521099031 10.85450102651598
 -0.03538412497622545 13.36026214409081 0.0284953439859521 -0.08451097196492441 5.471299458491075 0.6280058136786693 -1.292224503732804 -6.855352552390151 7.488884520041658 -0.970774275766388
