# Created by Octave 4.0.0, Sat Nov 19 20:48:56 2016 Hora est. Pacífico, Sudamérica <unknown@HEEC>
# name: DatK
# type: matrix
# rows: 1
# columns: 50
 2000 2000 2000 2000 2000 2000 2000 2000 2000 2000 2000 2000 2000 2000 2000 2000 2000 2000 2000 2000 2000 2000 2000 2000 2000 2000 2000 2000 2000 2000 2000 2000 2000 2000 2000 2000 2000 2000 2000 2000 2000 2000 2000 2000 2000 2000 2000 2000 2000 2000


# name: DatF
# type: matrix
# rows: 1
# columns: 50
 1.499660721822137e-032 1.499660721822137e-032 1.499660721822137e-032 1.499660721822137e-032 1.499660721822137e-032 1.499660721822137e-032 1.499660721822137e-032 1.499660721822137e-032 1.499660721822137e-032 1.499660721822137e-032 1.499660721822137e-032 1.499660721822137e-032 1.499660721822137e-032 0.4543240185907736 1.499660721822137e-032 1.499660721822137e-032 1.499660721822137e-032 1.499660721822137e-032 1.499660721822137e-032 1.499660721822137e-032 1.499660721822137e-032 1.499660721822137e-032 1.499660721822137e-032 1.499660721822137e-032 1.499660721822137e-032 0.5438522690072146 1.499660721822137e-032 1.499660721822137e-032 1.499660721822137e-032 1.499660721822137e-032 1.499660721822137e-032 1.160453210673911 1.499660721822137e-032 1.499660721822137e-032 1.499660721822137e-032 1.499660721822137e-032 0.08952825041644093 1.499660721822137e-032 1.499660721822137e-032 1.499660721822137e-032 1.499660721822137e-032 1.499660721822137e-032 1.499660721822137e-032 1.499660721822137e-032 1.499660721822137e-032 1.499660721822137e-032 1.499660721822137e-032 1.499660721822137e-032 1.499660721822137e-032 1.499660721822137e-032


# name: DatP
# type: matrix
# rows: 50
# columns: 10
 1 1 1 1 1 1 1 1 1 0.9999999999999998
 1 1 1 1 1 1 1 1 1 0.9999999999999998
 1 1 1 1 1 0.9999999999999999 1 1 0.9999999999999999 0.9999999999999999
 1 1 1 0.9999999999999999 1 1 1 1 1 0.9999999999999998
 1 1 1 1 0.9999999999999998 1 1 1 1 1
 1 1 1 0.9999999999999999 0.9999999999999998 0.9999999999999998 1 1 1 0.9999999999999999
 1 0.9999999999999998 0.9999999999999998 1 1 1 1 1 0.9999999999999998 1
 1 0.9999999999999999 1 0.9999999999999999 1 1 0.9999999999999998 1 1 1
 1 1 0.9999999999999998 1 1 1 1 1 0.9999999999999998 1
 1 1 0.9999999999999999 1 1 1 1 1 1 1
 1 1 1 0.9999999999999999 1 1 0.9999999999999998 1 1 0.9999999999999998
 1 0.9999999999999999 0.9999999999999998 0.9999999999999998 0.9999999999999999 1 1 0.9999999999999999 1 1
 0.9999999999999998 1 1 1 1 0.9999999999999998 0.9999999999999998 1 1 1
 0.9999999987553683 0.9999999982161369 1.00000000054835 1.000000001095356 3.664354555215009 0.9999999995089068 1.000000002080614 1.000000005319091 0.9999999962322493 0.9999999961924629
 1 0.9999999999999999 0.9999999999999999 1 0.9999999999999999 0.9999999999999998 1 1 1 1
 0.9999999999999999 1 0.9999999999999999 1 1 0.9999999999999998 1 1 1 0.9999999999999998
 0.9999999999999999 1 1 1 0.9999999999999999 1 1 0.9999999999999998 0.9999999999999999 1
 1 1 0.9999999999999999 1 1 1 0.9999999999999998 0.9999999999999998 1 0.9999999999999998
 1 1 1 1 0.9999999999999998 1 1 0.9999999999999999 1 1
 0.9999999999999999 1 1 0.9999999999999999 0.9999999999999999 1 1 1 1 1
 1 1 0.9999999999999998 1 1 1 0.9999999999999999 1 1 1
 1 0.9999999999999998 0.9999999999999999 1 1 0.9999999999999999 1 1 1 1
 0.9999999999999998 1 1 1 0.9999999999999998 1 1 0.9999999999999999 1 1
 1 0.9999999999999999 0.9999999999999999 1 0.9999999999999998 1 0.9999999999999999 0.9999999999999998 0.9999999999999998 1
 1 0.9999999999999999 0.9999999999999998 1 1 1 1 1 1 1
 1.000000003399718 1.000000004951071 0.9999999977446757 1.000000003814747 1.000000002886662 1.000000003592144 1.000000000404559 3.664354553976544 -0.09299370093999251 1.000000017078858
 1 0.9999999999999998 1 1 1 1 1 1 1 0.9999999999999999
 1 1 1 1 0.9999999999999999 1 1 1 1 1
 1 1 1 1 1 0.9999999999999999 1 1 1 1
 1 1 0.9999999999999998 1 0.9999999999999999 0.9999999999999998 0.9999999999999998 1 1 1
 1 1 1 1 1 1 1 0.9999999999999999 0.9999999999999998 0.9999999999999999
 3.791082190787568 1.000000000807687 0.9999999939236127 0.9999999955499745 0.9999999928047607 1.000000005126112 0.9999999949906556 1.000000007219044 1.000000001092411 0.9999999875884887
 1 0.9999999999999998 1 1 1 0.9999999999999999 1 1 1 1
 0.9999999999999999 1 1 1 1 1 1 1 1 1
 0.9999999999999998 1 1 1 1 1 1 1 1 0.9999999999999998
 0.9999999999999999 1 1 1 1 0.9999999999999998 0.9999999999999998 0.9999999999999998 1 1
 0.9999999974614995 1.000000002531909 1.000000000082604 0.9999999999048396 1.00000000089771 1.000000003458673 1.000000000547833 1.000000003111927 -0.09299369513192263 0.9999999898815257
 1 1 1 1 0.9999999999999998 1 1 0.9999999999999998 1 1
 1 1 1 0.9999999999999999 1 1 1 1 0.9999999999999999 1
 1 1 0.9999999999999999 1 1 0.9999999999999998 1 1 1 1
 1 1 1 0.9999999999999999 0.9999999999999999 0.9999999999999999 0.9999999999999998 0.9999999999999999 1 1
 1 0.9999999999999999 0.9999999999999998 1 1 0.9999999999999999 0.9999999999999998 1 1 1
 1 1 1 1 0.9999999999999999 1 1 1 0.9999999999999998 1
 1 1 1 1 1 1 1 1 1 0.9999999999999998
 0.9999999999999999 1 0.9999999999999998 1 1 1 1 1 1 1
 0.9999999999999999 0.9999999999999999 1 1 1 1 0.9999999999999998 0.9999999999999998 1 0.9999999999999998
 0.9999999999999999 1 0.9999999999999999 1 1 0.9999999999999999 1 1 0.9999999999999998 0.9999999999999998
 1 0.9999999999999999 1 1 1 1 0.9999999999999999 0.9999999999999999 1 1
 1 1 1 1 0.9999999999999999 0.9999999999999999 1 0.9999999999999998 1 1
 1 1 1 0.9999999999999999 0.9999999999999999 1 1 0.9999999999999999 1 0.9999999999999999


# name: DatT
# type: matrix
# rows: 1
# columns: 50
 23.01276803016663 22.42895603179932 22.98024797439575 22.94722509384155 22.96523714065552 22.99776601791382 22.96377778053284 22.99776101112366 23.00126099586487 23.05079483985901 22.97624683380127 22.98675107955933 22.99476218223572 22.94822692871094 23.0312831401825 23.07181000709534 22.9016969203949 22.22924900054932 22.2622709274292 22.21374011039734 22.17871499061584 22.20330286026001 22.20123195648193 22.29434394836426 22.22174596786499 22.15528392791748 22.18821907043457 22.21724200248718 22.52394390106201 22.19573211669922 22.16520595550537 22.15169596672058 22.22482109069824 22.17721486091614 22.23825788497925 22.15920186042786 22.12568116188049 22.17271900177002 22.14919400215149 22.17071008682251 22.20423603057861 22.17921686172485 22.16279911994934 22.20330381393433 22.2362539768219 22.22024893760681 22.1642050743103 22.20173192024231 22.18322086334229 22.17371392250061


