# Created by Octave 4.0.0, Sat Nov 19 21:05:37 2016 Hora est. Pacífico, Sudamérica <unknown@HEEC>
# name: DatK
# type: matrix
# rows: 1
# columns: 50
 2000 2000 2000 2000 2000 2000 2000 2000 2000 2000 2000 2000 2000 2000 2000 2000 2000 2000 2000 2000 2000 2000 2000 2000 2000 2000 2000 2000 2000 2000 2000 2000 2000 2000 2000 2000 2000 2000 2000 2000 2000 2000 2000 2000 2000 2000 2000 2000 2000 2000


# name: DatF
# type: matrix
# rows: 1
# columns: 50
 -377.5249379892267 -377.5249379892267 -349.2514998922517 -391.6616570377142 -335.1147808437643 -363.3882189407393 -349.2514998922518 -377.5249379892267 -391.6616570377141 -349.2514998922517 -335.1147808437643 -363.3882189407392 -377.5249379892267 -391.6616570377141 -377.5249379892267 -363.3882189407392 -391.6616570377141 -377.5249379892267 -377.5249379892267 -363.3882189407393 -335.1147808437643 -363.3882189407392 -377.5249379892267 -377.5249379892267 -377.5249379892267 -349.2514998922518 -377.5249379892267 -377.5249379892267 -377.5249379892267 -391.6616570377142 -377.5249379892267 -349.2514998922517 -363.3882189407392 -377.5249379892267 -377.5249379892267 -377.5249379892267 -363.3882189407392 -377.5249379892267 -377.5249379892267 -377.5249379892267 -363.3882189407392 -391.6616570377141 -391.6616570377141 -377.5249379892267 -377.5249379892267 -377.5249379892267 -335.1147808437643 -377.5249379892267 -377.5249379892267 -377.5249379892267


# name: DatP
# type: matrix
# rows: 50
# columns: 10
 -2.903534026618793 -2.903534028584147 -2.903534021732872 -2.903534010527113 2.746802756192753 -2.903534001203551 -2.903534022359136 -2.903534021075858 -2.903534031212569 -2.903534034219375
 2.746802764211187 -2.903534019013666 -2.903534036234154 -2.903534001448335 -2.903534040317634 -2.903534023894664 -2.903533988470989 -2.903534069285305 -2.903533996717657 -2.903534023875497
 2.746802758854161 -2.903534009306021 -2.903534053240114 -2.903534050140577 -2.903534045429133 -2.903533997353194 -2.903534019396872 -2.903534033947535 2.746802763779342 2.74680278428534
 -2.903534022697948 -2.903534019962998 -2.90353400645612 -2.903534018545465 -2.903534014577013 -2.903534021188615 -2.903534030271688 -2.90353399203235 -2.903534023217413 -2.903534039735358
 -2.903534030885816 -2.903534018089424 -2.90353403383481 -2.903534028516685 2.746802785479175 -2.903534004053786 2.746802754649386 -2.903534022240162 2.746802808274154 2.746802758894519
 -2.903534021740369 -2.903534028883498 -2.903534036019749 2.746802758127471 2.746802773241745 -2.903534002932044 -2.903534053178017 -2.903534018990566 -2.903534013696552 -2.903534037032174
 -2.903534020667594 -2.903534032810892 -2.903534031369424 -2.903534027841416 2.746802782950493 -2.90353402741064 -2.903534018449945 -2.903534070322076 2.74680274976514 2.7468027970845
 -2.903534015859766 -2.903534025650775 -2.903534048726923 -2.903533993473151 -2.90353404129758 -2.903534049912136 -2.903533989366321 2.746802738553149 -2.903534021232912 -2.903533995671851
 -2.903534013030551 -2.903534042102869 -2.903534004365645 -2.903534045899792 -2.903533996335764 -2.903534055092639 -2.903534038947038 -2.903533992137684 -2.903534023781344 -2.903534050474902
 2.746802768167278 -2.903534041715679 -2.903534002590678 2.746802790300168 2.746802766838528 -2.903534021953078 -2.903534032827335 -2.903533996574572 -2.903534039058336 -2.903534036903459
 -2.903533998824886 2.746802800408935 2.74680278371292 -2.903534020813449 2.746802771725503 -2.903534049669993 2.746802762039809 -2.903534019377223 -2.903534051564875 -2.903534024905786
 2.7468027605902 -2.903534041195777 -2.903534051013648 -2.903534033774253 -2.903534004024577 -2.903534019106397 -2.903534061665809 2.746802759968661 -2.903534070321656 -2.903534043936831
 -2.903534033439903 -2.903534005403532 -2.903534013850614 2.74680277598864 -2.903534036739148 -2.903534037860982 -2.903534057383065 -2.903534011408937 -2.903534016805538 -2.90353404609073
 -2.903534018926991 -2.903534060268348 -2.903534013464019 -2.903534063280607 -2.903534015526934 -2.903534042885973 -2.903534039206646 -2.903534001410546 -2.903534065896536 -2.903534036123953
 -2.903534028722492 2.746802775724918 -2.903534017259734 -2.903534012054461 -2.903534051041877 -2.903534048734469 -2.903534018990636 -2.903534027678988 -2.903533991498083 -2.903534031470271
 -2.903534072187604 2.74680276602874 -2.903534029623466 -2.903534016628102 -2.903534045326983 2.746802766991969 -2.903534016459191 -2.903534033897458 -2.903533985226108 -2.903534047504129
 -2.903534021706875 -2.903534004008597 -2.903534009375194 -2.90353405018778 -2.903534058019655 -2.903534067158589 -2.903534040669766 -2.903534028778488 -2.903534023270505 -2.903534025984753
 -2.90353402597897 -2.903534030373145 -2.903534034097011 -2.903534043114152 -2.903534000154792 -2.903534022917874 -2.903534017761372 2.7468027765193 -2.903533991733444 -2.903534030000896
 -2.90353404987698 -2.903534041400772 -2.903534074792312 -2.90353403935952 -2.903534038793283 -2.903534015195969 -2.903534011471793 2.746802758358252 -2.903534026784495 -2.903534061286328
 -2.903534034380012 -2.903534026902508 -2.903534010463641 -2.903534024590217 -2.90353402147975 2.746802770663962 -2.903534011773213 -2.903534053441736 -2.903534035722688 2.746802805912123
 2.746802762140602 2.746802792900002 -2.903534014088318 -2.903534008862379 -2.903534046961069 2.746802781674132 -2.903534033958859 2.746802782914266 -2.903534065296087 -2.90353406897397
 -2.903534004553269 -2.903534042595931 -2.903534019224235 -2.903534032587791 2.746802764716816 -2.9035340430151 2.74680275091437 -2.903534059742167 -2.90353398870363 -2.903534064831946
 -2.903534041664809 -2.903534053306631 -2.903534000024794 -2.903533999882994 -2.903534061804311 -2.903534075055973 -2.903534019035016 -2.903534072208361 -2.903534016232383 2.746802742501038
 2.746802763802012 -2.903534044905034 -2.903534023130856 -2.903534024383633 -2.903534023621133 -2.903534060699104 -2.903534034442392 -2.903534010407046 -2.903534066166968 -2.903534049511937
 -2.903534035198014 -2.903534020934756 -2.903534028810792 -2.903534008747891 -2.903534029727508 2.746802781353858 -2.903534047499218 -2.903534019872317 -2.903534031681421 -2.903534032871575
 -2.903534026691551 -2.90353403169989 -2.903534028604251 2.746802767386066 2.746802774660818 -2.90353405178837 -2.903534043105198 -2.903534033312175 2.746802751158426 -2.903534048287034
 -2.90353403631519 -2.903534030330519 -2.903534041819432 -2.903534033041034 2.746802791867304 -2.90353400688917 -2.903534020870165 -2.903534049894926 -2.903534009681071 -2.903534027332533
 -2.903534028401787 -2.903534036491873 -2.903534016913706 -2.903534042836795 -2.903534052260129 -2.903534031643044 -2.903534033391917 2.746802788163628 -2.903534059917618 -2.903534018237603
 -2.903534024154816 -2.903534022870676 -2.903534031652045 -2.903534043315853 -2.903534044303238 -2.903534043380187 -2.903534026544062 -2.903534053782818 -2.903534045169167 2.746802753099225
 -2.903534021974777 -2.903534030951259 -2.90353402923194 -2.9035340102149 -2.903534000350081 -2.903534029577151 -2.903534023552038 -2.903534032855336 -2.903534044526169 -2.903534039460897
 -2.903533995551556 -2.9035340350053 -2.903534023184619 -2.90353401472205 -2.903534033127003 -2.903533982824153 -2.903534015364595 -2.903534056297443 -2.903534055949348 2.746802769381701
 -2.903534034457393 2.746802778922929 2.746802756756241 -2.903534018227063 2.746802793576968 -2.903534063528832 -2.903534009284304 -2.90353402926442 -2.903534067158679 -2.90353402265569
 2.746802774518031 -2.903534038449112 2.746802758593756 -2.90353401457167 -2.903533998236155 -2.903533999265757 -2.903534024921417 -2.903534010699675 -2.90353404277786 -2.90353402801247
 -2.903534033236713 2.746802773589582 -2.90353399322879 -2.90353401710263 -2.903534044675281 -2.903534047349059 -2.903534048930748 -2.903533997860893 -2.903534001380816 -2.903534048040469
