# Created by Octave 4.0.0, Sat Nov 19 22:16:18 2016 Hora est. Pacífico, Sudamérica <unknown@HEEC>
# name: DatK
# type: matrix
# rows: 1
# columns: 50
 2000 2000 2000 2000 2000 2000 2000 2000 2000 2000 2000 2000 2000 2000 2000 2000 2000 2000 2000 2000 2000 2000 2000 2000 2000 2000 2000 2000 2000 2000 2000 2000 2000 2000 2000 2000 2000 2000 2000 2000 2000 2000 2000 2000 2000 2000 2000 2000 2000 2000


# name: DatF
# type: matrix
# rows: 1
# columns: 50
 1.155148502709824 3.108624468950438e-015 3.108624468950438e-015 3.108624468950438e-015 3.108624468950438e-015 3.108624468950438e-015 3.108624468950438e-015 3.108624468950438e-015 3.108624468950438e-015 3.108624468950438e-015 3.108624468950438e-015 3.108624468950438e-015 3.108624468950438e-015 3.108624468950438e-015 1.155148502709824 1.155148502709824 3.108624468950438e-015 3.108624468950438e-015 3.108624468950438e-015 3.108624468950438e-015 3.108624468950438e-015 3.108624468950438e-015 3.108624468950438e-015 3.108624468950438e-015 3.108624468950438e-015 3.108624468950438e-015 3.108624468950438e-015 3.108624468950438e-015 3.108624468950438e-015 1.155148502709824 3.108624468950438e-015 3.108624468950438e-015 3.108624468950438e-015 3.108624468950438e-015 6.661338147750939e-015 3.108624468950438e-015 3.108624468950438e-015 3.108624468950438e-015 3.108624468950438e-015 3.108624468950438e-015 3.108624468950438e-015 3.108624468950438e-015 3.108624468950438e-015 3.108624468950438e-015 3.108624468950438e-015 3.108624468950438e-015 3.108624468950438e-015 3.108624468950438e-015 1.155148502709823 3.108624468950438e-015


# name: DatP
# type: matrix
# rows: 50
# columns: 10
 2.248742367504688e-009 -5.7541081303224e-009 1.149999946738385e-009 -8.316569936142675e-009 -1.224350671681861e-010 1.041334789512724e-008 -7.076497219493763e-009 -2.034817590037156e-009 -1.364282232525839e-009 0.8714068162871181
 1.859534627929312e-016 -5.786346497070623e-016 1.746939497942521e-015 -1.418244986134329e-015 2.875795388259862e-016 1.388161402455094e-015 3.266633293140723e-016 -3.555668519632391e-016 7.792402067732009e-016 2.910799381855126e-015
 1.362179671992127e-015 -1.470597649972688e-015 -3.240087175054567e-016 1.529151879726744e-016 1.235319787448335e-015 -1.653622566964036e-015 -1.362904912520651e-015 -1.296338692098038e-015 -2.435245736537198e-015 1.095395674971362e-015
 6.653410067947963e-016 5.70002960901175e-017 1.801771559852624e-015 -2.675403072110126e-016 7.682297226887238e-016 2.763627738112473e-016 -1.003970370867136e-015 -3.15469702841019e-016 1.519265037303982e-015 -2.737653922911952e-015
 -1.601564872125806e-015 -3.213707941830801e-015 -2.928641480877214e-016 -5.525561744196062e-016 3.955299673255381e-016 -6.812534201281867e-017 1.197862559225733e-015 -1.256143857491517e-017 1.461715842127915e-015 1.487694579026546e-015
 -2.8171144459531e-016 1.428137952969995e-016 -6.693853637849819e-016 1.084214772637184e-015 1.121535104948802e-015 1.108071423297919e-016 1.894016173031949e-015 -8.783347945203609e-016 2.180173530297509e-015 4.393096205690991e-016
 1.779469614673499e-015 -2.316615738236345e-016 2.251372460509906e-015 -7.256678326097004e-016 1.079073388837111e-015 -1.353283437755563e-015 1.279824466397872e-015 -1.034460743908673e-015 5.284088606104764e-016 1.647087914450878e-015
 -1.280924325148861e-015 -9.874238030236185e-016 3.859944510491055e-016 2.587694410928416e-016 1.789393072216104e-015 -1.449634003224481e-015 -1.358176224140296e-015 -2.089305447055925e-016 9.290355478308011e-016 -2.372547045559942e-015
 7.38188888873399e-016 3.854439699920095e-017 8.273818825841408e-016 1.983547213791352e-015 8.77211054142686e-016 2.800656055854463e-015 -1.2948155405154e-015 1.286818923501447e-015 -1.175132931592353e-015 8.744379957626585e-016
 1.570586401591839e-015 -2.163340039501651e-016 -1.292369343397531e-015 1.494775535803293e-015 4.661611426460239e-016 -1.118861613437209e-015 9.844088096313386e-016 -2.27066458715498e-015 1.307590519263481e-015 -1.744236629562485e-016
 1.290936739247815e-015 -1.391786555526906e-016 5.994310719745415e-016 2.143599659446961e-015 2.347255016508206e-017 1.048989306810987e-015 1.156144945313255e-016 2.555369001976783e-016 2.437342363425658e-015 1.84968577789397e-015
 2.236679918899889e-015 1.175437042412428e-015 -9.520528704162082e-016 -3.904584804181233e-016 -8.418572740556127e-016 8.523317601522374e-016 -1.693775885880833e-015 8.018862874776891e-016 7.512104442438105e-016 7.572291093721303e-016
 7.603641646757284e-016 7.512527450132805e-017 5.041526142605674e-016 -1.734858022611276e-015 4.509230281836159e-016 3.657555357075038e-015 5.335404169241756e-016 -5.603891359935515e-016 -3.748551396112517e-017 -1.070550001306453e-015
 -6.706389426445351e-016 -2.36409217083723e-015 -6.60237152113804e-016 2.842959792140324e-015 -5.748904648755525e-017 7.300545518247281e-016 -1.006424405979104e-016 6.431264652428139e-017 1.747571000491048e-015 -7.133024426684641e-016
 2.016561415810214e-009 3.519145893453542e-009 0.871406804183758 -8.31175460945331e-010 5.031460929487108e-010 3.349528132025742e-009 2.786829846637359e-009 -1.849296151511752e-009 1.373034598407259e-009 5.501392351216727e-009
 -3.706065793893834e-009 0.8714068153305949 -5.753338856390534e-010 -7.928866963523653e-010 -4.204931074446408e-009 -5.774587049346588e-010 1.847121568872401e-009 1.857096029060275e-009 -1.955874083160203e-009 4.653739322607792e-009
 -1.103312506297722e-015 -6.361044131610008e-016 -6.730288805280856e-016 -1.156146212824656e-015 9.420727274955286e-016 -1.357041613329217e-015 2.964281163461824e-015 -3.018419599687727e-016 -1.678276831525198e-015 -4.260719322119177e-016
 1.408288577809139e-015 1.904874060691739e-015 2.635805513576027e-016 6.282805194924827e-016 -1.135894282222366e-015 -8.363355337462296e-016 1.144950850237558e-015 2.486104628134921e-015 8.410892138333658e-016 5.09196797814134e-016
 6.125416420242313e-016 3.820924413276819e-016 7.136209316440114e-018 -1.037622336693708e-015 -1.610594436351369e-015 3.676113250586708e-016 -8.072432232977186e-016 5.449887393683903e-016 -3.6403634774387e-015 -8.172283456697305e-016
 6.891801905567889e-016 -1.626215626744176e-015 -5.08335387868298e-016 8.040981383360944e-016 -5.566714894456989e-016 8.297006337665331e-016 1.221419385785821e-015 -2.963052533897753e-015 1.506893230924815e-015 -1.190959720647843e-015
 3.179902805868004e-015 -1.638706258658123e-015 -8.372961356694632e-016 -2.710657690269823e-016 -2.374163214784205e-016 7.40934837239514e-016 -1.861845480424036e-015 -6.986305670511476e-016 -1.48261348929737e-016 9.060079983158769e-016
 7.581835332863882e-016 1.853963154945684e-015 -6.441068897613348e-016 -1.811161347902172e-015 1.265081309863851e-015 -2.101669877965772e-016 7.035329193880854e-018 2.032999123684361e-015 -2.350794334715007e-017 1.208130131851558e-015
 -9.130218747211742e-016 -6.702952386845562e-016 4.737035145405845e-016 2.082583347520924e-015 -1.358163035364759e-015 -8.012315594005598e-016 1.572583213284636e-015 6.16731228642202e-016 2.400052746838435e-015 1.48947171630959e-015
 4.839912506978216e-017 6.070745395721808e-017 1.211243794663858e-015 -2.436381044817329e-016 -7.172094865581421e-016 1.293439194911812e-015 -1.945388861872021e-015 1.242026587399933e-015 8.968089232256359e-016 -5.74518993506644e-016
 1.703047359457513e-015 -1.272489769186693e-015 1.99774435753791e-015 2.173676117826747e-015 -4.993083234128104e-016 8.078884293016925e-016 1.532300485369904e-015 8.415979037538736e-016 -1.233679387289969e-015 -3.585599508604554e-016
 -7.63296974576478e-016 1.003219118970825e-015 -1.317983309206271e-015 -3.085410225859685e-015 1.386630236868229e-015 4.503288893802541e-016 1.854588478348063e-017 -1.064169184035345e-015 -7.119202380139238e-016 3.796931541534953e-016
