# Created by Octave 4.0.0, Sat Nov 19 20:57:16 2016 Hora est. Pacífico, Sudamérica <unknown@HEEC>
# name: DatK
# type: matrix
# rows: 1
# columns: 50
 2000 2000 2000 2000 2000 2000 2000 2000 2000 2000 2000 2000 2000 2000 2000 2000 2000 2000 2000 2000 2000 2000 2000 2000 2000 2000 2000 2000 2000 2000 2000 2000 2000 2000 2000 2000 2000 2000 2000 2000 2000 2000 2000 2000 2000 2000 2000 2000 2000 2000


# name: DatF
# type: matrix
# rows: 1
# columns: 50
 -377.5249379892267 -391.6616570377141 -363.3882189407393 -377.5249379892267 -363.3882189407392 -363.3882189407392 -349.2514998922517 -335.1147808437643 -349.2514998922518 -335.1147808437643 -377.5249379892267 -349.2514998922518 -377.5249379892267 -363.3882189407393 -349.2514998922517 -391.6616570377141 -363.3882189407392 -335.1147808437643 -377.5249379892267 -363.3882189407393 -377.5249379892267 -377.5249379892267 -377.5249379892267 -349.2514998922517 -391.6616570377142 -377.5249379892267 -349.2514998922517 -363.3882189407392 -391.6616570377141 -335.1147808437643 -349.2514998922517 -363.3882189407393 -335.1147808437643 -363.3882189407393 -363.3882189407392 -363.3882189407393 -391.6616570377141 -377.5249379892267 -335.1147808437643 -335.1147808437643 -349.2514998922517 -363.3882189407392 -377.5249379892267 -377.5249379892267 -377.5249379892267 -363.3882189407392 -363.3882189407392 -349.2514998922517 -377.5249379892267 -377.5249379892267


# name: DatP
# type: matrix
# rows: 50
# columns: 10
 -2.903534059002671 -2.903534040512748 -2.903534018828375 -2.903533996159064 -2.903534055684939 -2.903534050714617 -2.903534035881842 -2.903534057277856 2.746802760750862 -2.903534032632968
 -2.903534024245876 -2.903534003292179 -2.903534008961629 -2.903534011525199 -2.903534077226055 -2.903534004213193 -2.903534011475739 -2.903534065130872 -2.903534037834039 -2.903534030765173
 -2.903534019079546 -2.903534021159398 -2.903534029682664 -2.903534022565573 -2.903534050171062 2.746802779586695 2.746802784058905 -2.903534030711659 -2.903533988812459 -2.903533996356422
 -2.903534047398292 -2.903534039251523 -2.903534034552492 -2.903534057812414 -2.903534022147412 -2.903534033997109 2.746802784747529 -2.903534041779148 -2.903534039438918 -2.903534042588073
 2.746802771371542 2.746802780457063 -2.903534038996642 -2.90353398962664 -2.903534009922477 -2.903533998177987 -2.903534022196998 -2.903534027155073 -2.903534002904416 -2.903534010229623
 -2.903534040051542 2.746802788094491 -2.903534029009715 -2.903534029296804 -2.903534047703253 -2.903534047017454 -2.903534007116867 -2.903534037709001 2.746802793927921 -2.903534062032544
 -2.903534005630011 -2.903534033676685 2.746802790294683 -2.903534044908588 2.74680279191094 2.746802755730071 -2.903534049309318 -2.903534022681616 -2.90353400987577 -2.903534036183877
 -2.903534049366831 -2.903534013163631 -2.903534030170294 2.746802783726243 2.746802765588581 -2.903533994964381 2.746802752348781 -2.90353406187101 -2.903534032371695 2.746802778024964
 -2.903534039558879 -2.903534039520831 2.746802767642352 -2.903534030457513 -2.903534033976752 -2.903534047400499 -2.903534042722502 -2.903534023615432 2.746802768897318 2.74680279547103
 -2.903534042806107 -2.903533998000105 2.746802758704552 -2.90353404544708 2.746802753072008 -2.903534002869337 2.746802793185739 2.74680279653582 -2.903534015823877 -2.903534067528891
 -2.9035339995923 2.746802788544308 -2.903534049399179 -2.903534006436483 -2.903534055952746 -2.903534004196054 -2.903534015318622 -2.90353402504328 -2.903534007834541 -2.903534006000917
 -2.903534025703717 -2.903534031929973 2.746802763467074 -2.90353403313889 2.746802778615425 2.746802794144636 -2.903534008744219 -2.903534040237991 -2.903534020395845 -2.903534019802979
 -2.90353404671525 -2.903534052864732 -2.903533996579996 -2.9035340193324 -2.903534001014567 2.746802755909323 -2.903534054841128 -2.903534028340248 -2.90353403455835 -2.903534050706199
 -2.903534016537016 -2.903534033110389 -2.903534021664662 -2.903534034428666 -2.903534031854806 2.746802788546062 -2.903534034997397 2.746802798119056 -2.903534025230251 -2.90353403479787
 -2.903534041514507 -2.903534058630289 -2.903534006567786 -2.903534013958093 -2.903534045359546 2.746802748413411 2.746802755723976 -2.903533991144596 -2.903533996061342 2.746802778378497
 -2.903534041345611 -2.903534035766788 -2.903534035613412 -2.903534038154472 -2.90353403560931 -2.903534053097217 -2.903534004675564 -2.903533987519099 -2.903534061380276 -2.903533983264065
 -2.903534008177325 -2.903534042612072 -2.903534037213318 2.74680278674955 2.746802751506078 -2.903534063980878 -2.903534006047224 -2.903534027161525 -2.903533997761347 -2.903534072403187
 2.746802783441006 -2.903534011476633 -2.903534030220227 2.74680279391394 -2.903534053042491 -2.903534048947653 -2.903534060661782 -2.903534043171169 2.746802748522543 2.746802812429454
 -2.903534028619665 -2.903534017933133 2.746802772837235 -2.903534017889864 -2.903534030797043 -2.903534006365029 -2.903534018113241 -2.903534049909586 -2.903534027200093 -2.903534031749832
 -2.90353401753102 -2.903534022948835 -2.903534033315467 -2.903534021439611 -2.903534016080783 -2.903534031067927 -2.903534018169803 2.746802749302793 2.746802766995635 -2.903533994584548
 -2.90353405740437 -2.903534046582117 -2.903534030588642 -2.903534040969478 -2.903534052714985 -2.903533994885537 -2.90353398676154 -2.903534057012276 -2.903534049221348 2.746802776419769
 -2.903534044140465 -2.903534052969284 -2.903534016213041 2.746802753420439 -2.903534021363591 -2.903534078502726 -2.903534030565365 -2.903534014248466 -2.903534040166245 -2.903534003864789
 -2.903534028905714 2.746802772349476 -2.903534016466084 -2.903534027910438 -2.903534020975361 -2.903534033722665 -2.903534014846149 -2.903534063462077 -2.903534045392798 -2.903533992516522
 -2.903534027371737 2.746802780496918 -2.903534000981634 -2.903534012842055 -2.903534063500498 -2.903534058307189 -2.903534034172435 -2.903534012580708 2.746802776951993 2.746802778757296
 -2.903534021475757 -2.903534036937633 -2.903534008530502 -2.903534039225828 -2.903534011190345 -2.903534047157717 -2.903534026625447 -2.903534038816878 -2.90353406183409 -2.903534021969889
 -2.903534022298839 -2.903534032392545 -2.903534035584155 2.746802756217092 -2.903534011514195 -2.903534031364499 -2.9035340287897 -2.90353400672682 -2.903534008580295 -2.903534028452692
 2.746802761456332 -2.903534030248442 -2.903534005977564 -2.903534030329954 2.746802754571894 -2.903534041224531 -2.903534032433995 -2.903533993711153 -2.903534019192676 2.746802741620272
 -2.903534023981862 -2.903533999650474 -2.903534027478886 -2.903533994225119 -2.903533994685886 -2.90353400710583 2.746802773992731 -2.9035340623736 -2.903534066467666 2.746802748704454
 -2.903534015620211 -2.903534025094679 -2.903533993346663 -2.903534022127089 -2.903534021570521 -2.903534014730803 -2.903534046212501 -2.903534060470359 -2.903534060115593 -2.903534032851035
 -2.903534040200422 2.746802755485481 2.746802756765939 -2.903534031380825 -2.903534048905744 2.746802784229858 -2.903534029014206 -2.903534049082041 -2.903533991630645 2.746802770194875
 -2.903533995363817 -2.903534038268468 2.746802741380107 -2.903534014414817 2.746802758109331 -2.903534019540281 2.746802753096794 -2.903534020381365 -2.903534010758993 -2.903534033433535
 -2.903534020207319 -2.903534023506176 -2.903534042241841 -2.903534019784432 -2.903534006644504 -2.903534038112695 -2.90353401878843 2.746802740158751 2.746802786795148 -2.903534000726797
 -2.903534039956564 -2.903534028793279 -2.903534021006524 2.746802760174429 2.746802752364091 2.746802764961906 2.746802750584201 -2.903534058565768 -2.903533992114572 -2.903534008121453
 -2.90353403006463 -2.903534017180145 2.746802763707757 -2.903534035242267 -2.903534018245285 -2.903534033761048 2.746802772968743 -2.903534033201017 -2.903534026446692 -2.903534008381554
