# Created by Octave 4.0.0, Sat Nov 19 20:30:13 2016 Hora est. Pacífico, Sudamérica <unknown@HEEC>
# name: DatK
# type: matrix
# rows: 1
# columns: 50
 2000 2000 2000 2000 2000 2000 2000 2000 2000 2000 2000 2000 2000 2000 2000 2000 2000 2000 2000 2000 2000 2000 2000 2000 2000 2000 2000 2000 2000 2000 2000 2000 2000 2000 2000 2000 2000 2000 2000 2000 2000 2000 2000 2000 2000 2000 2000 2000 2000 2000


# name: DatF
# type: matrix
# rows: 1
# columns: 50
 1.499660721822137e-032 1.499660721822137e-032 1.499660721822137e-032 1.499660721822137e-032 0.08952825041644091 0.4543240185907736 1.499660721822137e-032 1.499660721822137e-032 0.4543240185907736 1.499660721822137e-032 1.499660721822137e-032 1.499660721822137e-032 0.08952825041644091 1.499660721822137e-032 1.499660721822137e-032 1.499660721822137e-032 1.499660721822137e-032 1.499660721822137e-032 1.499660721822137e-032 1.499660721822137e-032 1.499660721822137e-032 1.499660721822137e-032 1.499660721822137e-032 1.499660721822137e-032 1.499660721822137e-032 1.499660721822137e-032 1.499660721822137e-032 1.499660721822137e-032 1.499660721822137e-032 1.499660721822137e-032 1.499660721822137e-032 1.499660721822137e-032 1.499660721822137e-032 1.499660721822137e-032 1.499660721822137e-032 1.499660721822137e-032 1.499660721822137e-032 1.499660721822137e-032 1.499660721822137e-032 0.1790565008328818 1.499660721822137e-032 1.499660721822137e-032 1.499660721822137e-032 1.499660721822137e-032 1.499660721822137e-032 1.499660721822137e-032 0.4543240185907736 0.08952825041644091 1.499660721822137e-032 1.499660721822137e-032


# name: DatP
# type: matrix
# rows: 50
# columns: 10
 1 1 1 1 1 1 1 1 1 1
 1 1 1 1 1 0.9999999999999998 1 1 1 1
 1 1 1 1 1 1 1 0.9999999999999998 1 1
 1 1 1 1 0.9999999999999999 1 1 0.9999999999999998 0.9999999999999998 1
 0.9999999987767813 -0.09299369358703946 0.9999999998459832 1.000000003410489 0.9999999984067612 1.000000001230368 1.000000002233741 0.9999999978391767 1.000000001859058 1.000000008803835
 1.000000000319788 0.9999999943805591 1.000000000312173 3.664354557394615 1.000000004868605 1.000000002350386 1.000000002358193 1.000000003895562 1.000000004846036 1.000000018566898
 1 0.9999999999999999 0.9999999999999999 0.9999999999999999 1 1 0.9999999999999998 0.9999999999999999 1 1
 1 0.9999999999999999 1 1 1 1 1 1 0.9999999999999998 0.9999999999999998
 1.000000003707349 1.000000003508926 1.000000000033004 0.999999999592172 0.9999999986034008 0.99999999556292 3.664354561839828 0.9999999984850939 1.000000000141041 0.9999999971905529
 1 1 1 1 1 1 1 1 1 1
 1 1 0.9999999999999999 1 1 0.9999999999999998 0.9999999999999999 0.9999999999999999 1 1
 1 1 1 1 1 1 1 0.9999999999999998 1 1
 0.9999999976373197 1.000000001890239 1.000000000062132 0.9999999991710022 -0.09299369702554766 0.999999999309894 0.9999999984572286 1.000000002115582 0.9999999976706837 0.9999999907100355
 1 1 1 1 0.9999999999999998 1 0.9999999999999999 1 0.9999999999999999 1
 1 1 1 0.9999999999999999 0.9999999999999999 0.9999999999999999 0.9999999999999998 0.9999999999999999 1 0.9999999999999999
 0.9999999999999999 1 1 1 1 1 0.9999999999999998 1 1 1
 1 0.9999999999999999 1 1 0.9999999999999998 1 1 0.9999999999999999 0.9999999999999999 1
 1 1 1 1 1 0.9999999999999999 1 0.9999999999999999 1 0.9999999999999998
 0.9999999999999999 1 1 1 0.9999999999999999 0.9999999999999998 1 1 0.9999999999999998 1
 0.9999999999999998 1 0.9999999999999999 1 1 1 1 1 1 0.9999999999999998
 0.9999999999999999 1 1 1 1 1 1 0.9999999999999999 1 0.9999999999999999
 1 1 1 1 0.9999999999999998 1 1 1 1 0.9999999999999999
 0.9999999999999999 1 1 1 0.9999999999999999 1 1 1 1 1
 1 1 1 1 0.9999999999999998 0.9999999999999999 0.9999999999999998 1 0.9999999999999999 1
 1 0.9999999999999999 1 1 0.9999999999999998 1 0.9999999999999999 1 0.9999999999999999 0.9999999999999998
 1 1 1 0.9999999999999999 0.9999999999999998 0.9999999999999999 0.9999999999999998 0.9999999999999999 0.9999999999999999 1
 0.9999999999999999 1 1 1 0.9999999999999999 0.9999999999999999 1 0.9999999999999999 1 1
 1 0.9999999999999998 1 0.9999999999999999 1 1 1 1 1 0.9999999999999998
 0.9999999999999999 0.9999999999999999 1 0.9999999999999999 1 0.9999999999999998 0.9999999999999999 1 1 1
 1 0.9999999999999999 0.9999999999999999 0.9999999999999998 0.9999999999999999 1 1 0.9999999999999999 1 0.9999999999999999
 0.9999999999999998 1 1 0.9999999999999999 0.9999999999999998 1 0.9999999999999998 1 1 1
 1 1 0.9999999999999998 1 1 1 0.9999999999999999 0.9999999999999998 1 1
 0.9999999999999999 1 1 1 0.9999999999999999 0.9999999999999998 0.9999999999999998 0.9999999999999998 1 1
 1 1 1 1 1 1 0.9999999999999998 1 1 1
 1 1 0.9999999999999999 1 1 1 0.9999999999999999 1 1 0.9999999999999998
 0.9999999999999999 0.9999999999999999 1 1 1 1 0.9999999999999998 1 0.9999999999999999 1
 1 1 1 1 1 1 0.9999999999999998 1 1 1
 0.9999999999999999 1 1 0.9999999999999999 1 1 1 1 0.9999999999999998 1
 1 1 0.9999999999999999 1 1 0.9999999999999999 0.9999999999999998 1 1 1
 1.000000002403721 0.9999999998838361 -0.09299369411745861 -0.0929936923289283 0.9999999962858882 0.9999999993913379 1.000000004792269 0.9999999977520051 1.000000002097749 1.000000014614082
 0.9999999999999998 1 0.9999999999999998 0.9999999999999998 0.9999999999999999 1 1 1 1 1
 0.9999999999999998 1 1 0.9999999999999999 1 1 1 1 1 1
 1 1 1 1 0.9999999999999998 0.9999999999999998 1 1 1 1
 1 1 0.9999999999999998 1 0.9999999999999999 1 0.9999999999999999 0.9999999999999999 1 0.9999999999999999
 1 1 0.9999999999999999 1 1 1 1 0.9999999999999999 1 0.9999999999999998
 1 0.9999999999999999 1 1 1 1 1 0.9999999999999999 1 0.9999999999999998
 0.9999999984528877 0.9999999972278812 1.00000000135526 0.9999999997109728 1.000000003286467 1.000000003193642 3.664354557311162 1.000000000087735 0.9999999962164376 0.9999999901783444
 0.9999999990133599 0.9999999985228156 -0.09299369309945379 1.000000001974672 1.000000002294954 0.9999999985316154 0.999999996580168 1.00000000268418 1.000000002157666 0.9999999951842918
 0.9999999999999998 1 0.9999999999999999 1 1 1 1 1 1 0.9999999999999999
 1 0.9999999999999998 0.9999999999999999 0.9999999999999999 1 1 0.9999999999999999 1 1 1


# name: DatT
# type: matrix
# rows: 1
# columns: 50
 22.83431386947632 23.01641988754272 22.75323605537415 22.74558997154236 22.57710099220276 22.65859699249268 22.65207505226135 22.4634051322937 22.34632587432861 22.46440386772156 22.43588805198669 22.43188285827637 22.34582710266113 22.44689607620239 22.47841715812683 22.53895401954651 22.53545308113098 22.53094887733459 22.50593400001526 22.4503960609436 22.44939112663269 22.44039106369019 22.435387134552 22.42338013648987 22.85623216629028 22.41337299346924 22.37784886360168 22.4138708114624 22.40886998176575 22.36033916473389 22.40636587142944 22.39936304092407 22.39686012268066 22.41837692260742 22.43688917160034 22.42137813568115 22.43038487434387 22.45440101623535 22.42888188362122 22.3528299331665 22.42037796974182 22.41887807846069 22.42438006401062 22.38985896110535 22.40886807441711 22.40837097167969 22.36533999443054 22.31580901145935 22.42837810516357 22.43588900566101


