# Created by Octave 4.0.0, Sat Nov 19 22:22:36 2016 Hora est. Pacífico, Sudamérica <unknown@HEEC>
# name: DatK
# type: matrix
# rows: 1
# columns: 50
 2000 2000 2000 2000 2000 2000 2000 2000 2000 2000 2000 2000 2000 2000 2000 2000 2000 2000 2000 2000 2000 2000 2000 2000 2000 2000 2000 2000 2000 2000 2000 2000 2000 2000 2000 2000 2000 2000 2000 2000 2000 2000 2000 2000 2000 2000 2000 2000 2000 2000


# name: DatF
# type: matrix
# rows: 1
# columns: 50
 3.108624468950438e-015 3.108624468950438e-015 3.108624468950438e-015 3.108624468950438e-015 3.108624468950438e-015 3.108624468950438e-015 3.108624468950438e-015 3.108624468950438e-015 3.108624468950438e-015 1.646223633103107 3.108624468950438e-015 3.108624468950438e-015 3.108624468950438e-015 3.108624468950438e-015 1.155148502709824 3.108624468950438e-015 3.108624468950438e-015 3.108624468950438e-015 3.108624468950438e-015 3.108624468950438e-015 3.108624468950438e-015 3.108624468950438e-015 3.108624468950438e-015 3.108624468950438e-015 3.108624468950438e-015 3.108624468950438e-015 3.108624468950438e-015 3.108624468950438e-015 3.108624468950438e-015 3.108624468950438e-015 3.108624468950438e-015 3.108624468950438e-015 3.108624468950438e-015 3.108624468950438e-015 3.108624468950438e-015 3.108624468950438e-015 3.108624468950438e-015 6.661338147750939e-015 3.108624468950438e-015 3.108624468950438e-015 3.108624468950438e-015 3.108624468950438e-015 3.108624468950438e-015 3.108624468950438e-015 3.108624468950438e-015 3.108624468950438e-015 3.108624468950438e-015 3.108624468950438e-015 3.108624468950438e-015 3.108624468950438e-015


# name: DatP
# type: matrix
# rows: 50
# columns: 10
 -8.485519496551619e-016 2.375140696256263e-015 6.881170750508397e-016 -7.408575345579776e-016 -5.534469696585417e-016 6.11682261962402e-016 1.010887813620735e-015 3.424343730442755e-016 1.193044190856619e-015 -2.856500342085029e-015
 8.093538269161362e-016 8.003099189762172e-017 -2.484725663223938e-015 -4.700174039934044e-016 -2.407000098808877e-016 1.12308014217201e-015 6.785158400298751e-016 2.190297253037017e-015 -1.039385515077595e-015 1.417755844411061e-015
 6.864595026706787e-016 -1.612736912372746e-015 -2.259137246425265e-015 1.687975345624539e-016 7.778680938236148e-016 1.692213139867258e-015 1.524934330377924e-015 -7.519336209759187e-016 5.38331926988065e-017 -1.463595774799559e-015
 1.59256470922374e-015 1.5699018937829e-015 -4.672807871099038e-016 9.80862647807893e-016 3.98402924903718e-016 -2.384615510220822e-016 -1.72818527226581e-015 2.446238916175188e-015 -1.503026111706714e-015 1.006410333964283e-015
 3.00489316038662e-016 4.466211010513346e-016 -3.607857553778881e-018 -1.800799668723632e-015 1.45491521490975e-015 2.991072042322615e-015 -5.116511711723044e-016 9.431762733418064e-016 -1.552390471828873e-015 -3.527129367273855e-016
 9.532426118903265e-016 1.22208750237101e-015 5.247908410805117e-016 8.390555230501752e-016 9.636395855058915e-016 -1.274216702731323e-015 -1.506983355985026e-015 -1.062130550644427e-015 -1.302252717230937e-016 2.746179232684364e-015
 -1.401554699704445e-015 2.035414293551191e-015 7.149947838494636e-016 6.048707039082019e-016 2.374701509600064e-015 1.332582184872797e-015 -2.937737178702719e-016 -5.532492040562061e-016 3.114115163710974e-016 2.388606195698424e-017
 -1.977148651889949e-015 -3.055445644119253e-016 7.654575028582908e-016 1.228343944618844e-015 2.988230391388296e-016 -9.498339297265137e-016 -6.726788508581327e-017 2.575187682965525e-015 1.532902022246807e-015 -5.079087488862129e-017
 2.367148574341354e-015 4.39116972447716e-017 1.524048301627919e-015 1.31185012933842e-015 -3.469832258685576e-016 -2.393758687817594e-015 -4.469760337462381e-016 6.202681157401186e-016 -2.333232766219594e-016 -9.286603342005983e-016
 -1.647122018368813e-009 -4.979758392168289e-009 -5.14424402846562e-009 -4.107953145686693e-010 -0.9175371021842149 -1.316108284160741e-009 5.024563757332346e-009 -1.466506338799919e-009 -4.633323813063689e-009 0.9175371086640862
 1.206542825127612e-015 2.279135972924848e-015 7.444642961981508e-016 8.11730128051625e-016 -8.912222873679191e-016 1.378954552210084e-015 1.629638013641078e-015 -1.373249065890806e-015 -1.044387977055358e-015 -9.797905080727538e-016
 -1.286074369364717e-015 -5.741625186439533e-016 5.594712812202029e-016 -1.843656920180275e-015 -1.79594853808242e-015 -2.005054725467575e-015 -8.507011753325573e-016 -3.248707106811637e-016 -1.491419681365063e-015 -1.552997234916913e-015
 -1.363706086951076e-015 1.754756092875718e-016 1.81334625258307e-015 -1.027402096037504e-015 1.042086840049073e-015 -9.971068152286063e-016 1.450857688948032e-015 5.898194915648102e-016 4.348799072133927e-016 2.476796259543862e-015
 9.288813520417242e-016 3.798101917958601e-015 9.503389176388133e-016 1.635338897926039e-016 -4.180772053015975e-016 -4.700655061206954e-016 5.664270317961804e-017 -7.468766418553403e-016 1.243972339737998e-015 -1.942238821461439e-017
 1.876117345384093e-009 4.482343262101835e-009 -8.937563639440281e-011 -0.8714068176278539 -3.092071080230272e-009 3.678672472450066e-009 7.038065649445935e-010 7.798727051834874e-009 -2.982614679035335e-009 -1.962568150670508e-010
 8.910255857031711e-016 -2.133952165319394e-015 -8.495751432790506e-016 -1.898850503633202e-015 2.294912375934375e-015 -3.06466499473492e-016 1.263383067460219e-015 -1.712531475330481e-016 2.552730969101822e-016 8.000729749661203e-017
 -1.699223746896651e-015 -3.907439613993836e-016 -2.864468743106376e-016 7.214981935382785e-016 -2.06470534942773e-015 -2.445002474312849e-015 -4.105393494032122e-016 -1.034897659606522e-015 -1.356655010770478e-015 -6.037966118588212e-016
 -6.307271604482546e-016 8.47288047764509e-016 1.252306527314802e-015 2.87593792456436e-015 5.047198761140578e-016 1.644215757420685e-015 3.016065740767891e-016 -1.810075830463109e-015 1.317668542686395e-016 4.853101598875396e-016
 -1.89557824262229e-015 -2.37656257492306e-015 -1.786260976565879e-017 -1.573377748326838e-015 -8.239158927499825e-016 -2.301407283386551e-016 -8.208481303482514e-016 1.648458752199712e-015 8.245553553572903e-016 -5.793552319909969e-016
 1.870803333269321e-016 -9.196353407277375e-016 1.813935685314598e-016 -3.365105634572334e-016 -1.146550691546998e-015 1.000909336135169e-015 1.332647214111348e-015 9.649765873000379e-016 1.989222737936959e-015 5.654722874391431e-016
 -2.154907620552044e-015 -6.187814177773944e-016 1.289075601850808e-015 -2.608855257512728e-015 -9.301345145391654e-016 -5.973204902191258e-016 1.376194923704564e-015 6.410692698600082e-016 1.978542164770878e-016 1.012600273873763e-016
 -1.733473736769983e-015 -1.082687648043872e-015 -1.642937502827955e-015 1.115087007422935e-015 3.563362623614051e-016 1.411264634479831e-015 -5.561703161168291e-016 1.947121079585164e-015 9.654076278504105e-016 1.297801195954007e-015
 1.297179164959303e-015 1.895681946631575e-015 3.936830287985869e-016 -2.803405804004321e-015 -2.012933814847014e-016 2.21602751725935e-016 -1.619995438130256e-015 -1.311859116840415e-015 -6.859458882383245e-016 4.787505831658371e-016
 -2.259712976487964e-015 -1.520817081622e-015 -2.112941077140378e-015 2.366855965157392e-015 -1.819737565754e-016 6.644354826145574e-016 -1.134745450333647e-017 -5.332558977879455e-016 -1.023746999181588e-016 -8.706931226925675e-016
 -5.45442361186862e-016 -1.309125965524575e-015 -5.527110984883364e-016 -4.064933694434693e-016 1.28786370035712e-015 2.649421632579147e-015 2.128437110906016e-016 2.583415715489338e-017 4.991270913124244e-016 8.313939503444704e-016
 -1.040789031551375e-015 9.734252294061045e-016 -6.495942051716005e-016 6.711714728836047e-017 -1.862898244160932e-016 -6.257628964864835e-016 1.085818607270224e-015 2.737454621610324e-015 -1.25567597514871e-015 -1.701405940227974e-015
