# Created by Octave 4.0.0, Sat Nov 19 21:10:56 2016 Hora est. Pacífico, Sudamérica <unknown@HEEC>
# name: DatK
# type: matrix
# rows: 1
# columns: 50
 2000 2000 2000 2000 2000 2000 2000 2000 2000 2000 2000 2000 2000 2000 2000 2000 2000 2000 2000 2000 2000 2000 2000 2000 2000 2000 2000 2000 2000 2000 2000 2000 2000 2000 2000 2000 2000 2000 2000 2000 2000 2000 2000 2000 2000 2000 2000 2000 2000 2000


# name: DatF
# type: matrix
# rows: 1
# columns: 50
 2.691930082319272 2.430928344221043 0.001010957638032907 7.700797728551356 0.2519832152494101 0.03002451434619896 0.5377596532396858 4.052566641057609 7.378380830017907 1.485304191575452 2.990100208172629 1.868071347165926 7.044107840339763 1.370793353982484 1.063046942485383 1.593198074301184 0.8374915427867102 0.2563053125330519 0.9026486702602454 6.586374124226177 0.01859357133868871 0.8392714492033885 0.08447673108507205 0.7801939545269339 4.022117842641071 6.294742355133522 5.527610637911522 2.139928659873342 1.992688996827627 1.821984351277952 1.516863341602333 0.9276437139430096 4.57085874564567 4.002135522939176 0.05915548987475144 0.7847062088155191 0.04527209066855092 0.01966780234669644 4.24725524800067 6.295503618089461 4.021247230684395 1.820964329522679 4.043163852255077 0.02128314092934716 3.989335669800889 0.06306687091316324 2.162269935335403 0.03667750618484567 2.130107091543661 0.8711520465563045


# name: DatP
# type: matrix
# rows: 50
# columns: 10
 -0.9754077296532017 -0.952131354538576 -0.9119934265405809 -0.851319732714233 -0.7353760866740525 -0.5462070449994664 -0.2991613384936228 -0.07931171759047774 -0.01766494745480653 -0.002309416931260242
 -0.9816261854084173 -0.9634962594684108 -0.933760973882774 -0.8744656278201576 -0.7654319395221371 -0.5848383543950212 -0.3375908381268961 -0.1251563709601161 -0.0254134599314736 -0.0007143810589302842
 -1.000247638798706 -1.00039064853496 -1.000668905230935 -1.001227363961559 -1.001881381885537 -1.003435801441597 -1.006666749035071 -1.013330421075685 -1.026804439011632 -1.054279964187146
 0.9281581257651655 -0.8971968826623454 -0.8293751416420934 -0.7015521298890725 -0.4998045671783803 -0.2564274978176231 -0.07595948164040012 -0.01207178854518322 -0.01033770332486907 0.003003538912999233
 -0.9972927855166615 -0.9945796409313062 -0.9899156136747037 -0.9807049145446328 -0.9631211778241326 -0.9309814565185088 -0.8743420968525123 -0.7681082508905442 -0.5913102884289211 -0.3491033601841048
 -1.000660475518176 -1.001288376129293 -1.002398847390521 -1.004687654778859 -1.009078668655946 -1.018104970676535 -1.036803337503686 -1.072206141234348 -1.147575992450527 -1.317519081064547
 -1.002287174009093 -1.001950032203513 -1.009097420504271 -1.018457368896061 -1.033998582965184 -1.06709120435572 -1.132511443014222 -1.285258139185647 -1.648690276922911 -2.722069545140807
 0.9918484284821401 -0.9933560108302039 -0.990932811058836 -0.9897608638390287 -0.983400893491574 -0.9688144804082643 -0.9394184091698717 -0.8841234212344088 -0.7824841552749182 -0.6116045156156402
 0.9560202868735173 -0.9248295061618225 -0.8607717601432572 -0.7433979323403539 -0.5543114285598947 -0.3158177942529069 -0.1074703523433189 -0.01075345538862044 -0.01209373842731893 0.001279331571487402
 -0.9908458856462008 -0.981331190903595 -0.9624752552745189 -0.9259775748796545 -0.8595733461562856 -0.7622053562742027 -0.5947072833691992 -0.3618297983237374 -0.1383961022338185 -0.01503015927148548
 -0.9755285111297299 -0.9536368792608195 -0.9104987148725743 -0.8311717697543396 -0.6914367255823535 -0.4806095655892677 -0.2281974083906849 -0.02851985997872807 -0.01080070651464771 0.000227071953014264
 -0.9835478933716522 -0.9687342262346339 -0.9405821956984064 -0.9038078186452924 -0.8369081243356508 -0.7114131889541846 -0.5118101363714331 -0.2627505151122169 -0.06761281584207474 -0.004658550009245517
 0.9657261147987586 -0.942802845444155 -0.8939704998957412 -0.8014398321883919 -0.6424748615810891 -0.421528301465446 -0.1809217265029518 -0.01903845676241933 -0.01149376545954438 -0.0001321093741790615
 -0.9834416499885605 -0.9713929392184434 -0.9546772048950842 -0.9347063452630346 -0.8857915609836359 -0.7908832131977388 -0.6281294273025305 -0.3941216146255497 -0.1616980409555408 -0.01790465662255351
 -0.9895162354179136 -0.9790925908652672 -0.9625647090776843 -0.928421236648323 -0.9147115774362468 -0.865410129521615 -0.7647531143033733 -0.594836361154874 -0.3591565272498341 -0.1287518000971491
 -0.9887211613573347 -0.9777152909265765 -0.9568826567791331 -0.9160329704392329 -0.8580313473991535 -0.7465198958434663 -0.5685356681160811 -0.3292726712745638 -0.1074242915933112 -0.005507474047153265
 -0.9853729877596736 -0.9768979657812725 -0.9716775554275269 -0.9562416073231412 -0.9220865175247744 -0.8539830662879176 -0.7427866597795096 -0.5611533883205175 -0.3193807466809778 -0.1020040643905824
 -0.9929307795287297 -0.9838056449445953 -0.9842763388623516 -0.9767895019518236 -0.9633887932027124 -0.9398466837847832 -0.8890944243449314 -0.7948670748614812 -0.6341008386217535 -0.4009921729502265
 -0.9891680053598408 -0.9796373531395569 -0.972350947836597 -0.9526393586071905 -0.9184992579694615 -0.8521341145156655 -0.7309337207724775 -0.5357179672509502 -0.2845915787766351 -0.06451078939162418
 0.9712530860799569 -0.9543343695986057 -0.917230033660647 -0.8450345386115441 -0.7154293589165881 -0.5294288501068055 -0.2924980220944317 -0.09593351106820128 -0.01625869094433335 -0.001153966987956992
 -0.9990536489005624 -0.998195510290742 -0.9965879755598759 -0.9950626041206889 -0.990701235649965 -0.9840829223703745 -0.9701500294064082 -0.9423078071934059 -0.8882609916343379 -0.7886223412904039
 -0.993833031648424 -0.9889162047373758 -0.9783826932296862 -0.9571106075918259 -0.9218449716887315 -0.8525113489043274 -0.7275018641728243 -0.5365879812301415 -0.2904580188165302 -0.07650880650445351
 -0.9986117474895352 -0.9974995024644859 -0.9952575399162846 -0.9908649464886642 -0.9818795928677735 -0.9642637738536686 -0.93011263711595 -0.869893160921719 -0.75871180328461 -0.5756076020099767
 -0.992695773673934 -0.984482319032656 -0.9769685028112337 -0.9578338583853095 -0.9198825787777017 -0.858206750607919 -0.7483719312915317 -0.5662988983427533 -0.3224210010743651 -0.1039140916558801
 0.9924863645466749 -0.9950715664811218 -0.9953497382756515 -0.9933024558993045 -0.9880281793331812 -0.9772799271279085 -0.9555160697462076 -0.9130063740692513 -0.8330717926018311 -0.6927240074196387
 -1.0072525927313 -1.01502659745928 -1.028785952442323 -1.044208645891858 -1.080052805966903 -1.162165190224896 -1.351452917076199 -1.822917998775821 -3.328348803276842 -11.07777911918645
 0.9819296201375405 -0.9734120648925346 -0.9613802094919948 -0.9315549706061438 -0.8713470635190664 -0.7605460933793701 -0.5777406528381226 -0.3300377280434403 -0.09323508982807935 0.0007372768353483307
 -0.9762836772492736 -0.9630303376054402 -0.9463364408500931 -0.9052401540024563 -0.8266980714170815 -0.685151755786526 -0.469835067316922 -0.2150910749512323 -0.01915862930688241 0.002100656296954438
 -0.9775048128749423 -0.9679254085294399 -0.9437387776844441 -0.8936170578623549 -0.8181347090829001 -0.6839615426634061 -0.4762167158593075 -0.2355482489503978 -0.05798217077470308 0.0004982025648261705
 -0.9825038613447145 -0.9651843211156307 -0.9459048369517321 -0.910890017856663 -0.8384801500794578 -0.7073092455810934 -0.5171568946247814 -0.2790940162798822 -0.08583639051451193 -0.0003850604250047653
 -1.0061132939598 -1.008835202159503 -1.014021948741425 -1.026905491999486 -1.054768964102075 -1.102173559379944 -1.207749173126561 -1.453620347098864 -2.109664894075904 -4.450587481111495
 -0.9877300790548018 -0.9830844197952194 -0.9694062583304752 -0.9493169848300235 -0.9086429204050487 -0.8398544405656522 -0.7193958368556062 -0.5277447349408678 -0.284045177040539 -0.07790060516415978
