# Created by Octave 4.0.0, Sat Nov 19 21:51:00 2016 Hora est. Pacífico, Sudamérica <unknown@HEEC>
# name: DatK
# type: matrix
# rows: 1
# columns: 50
 2000 2000 2000 2000 2000 2000 2000 2000 2000 2000 2000 2000 2000 2000 2000 2000 2000 2000 2000 2000 2000 2000 2000 2000 2000 2000 2000 2000 2000 2000 2000 2000 2000 2000 2000 2000 2000 2000 2000 2000 2000 2000 2000 2000 2000 2000 2000 2000 2000 2000


# name: DatF
# type: matrix
# rows: 1
# columns: 50
 0.06394846856762104 0.08366047899142337 0.04682273973682372 0.06146015992347398 0.07872820695769078 0.06391894601601777 0.02955218369277413 0.08364330344073512 0.03201342765703685 0.08364330344073523 0.1745354013914 0.04672214097412908 0.0172410209152829 0.05174030364051885 0.05166904152222884 0.06644881468781971 0.08115014693311562 0.09602074418613593 0.1229889128534404 0.04184613920232649 0.103365119561565 0.007396040334114895 0.04187073017506937 0.05406909032577822 0.118142447785743 0.1131586772768423 0.04916372318797846 0.09837403460014982 0.0344771317383783 0.06644149666149923 0.08865179923827826 0.03935306837554942 0.04430738290277814 0.09357664492374773 0.073847333517155 0.03471401732261847 0.04925202357875458 0.07377871436483674 0.03691875359038865 0.1033015301702889 0.01477977675482567 0.06390915582010126 0.05654322995733896 0.05418680112878294 0.06894689717979063 0.05166170510321033 0.09591768821738 0.05408377515919383 0.1450640579056369 0.0565400860051769


# name: DatP
# type: matrix
# rows: 50
# columns: 10
 6.280044654415534 4.4384435986229 5.433246630957892 -1.185413060623171e-008 5.716511958093723e-009 8.810953068168257e-009 8.282878075206385 -3.86858774536763e-009 -1.046295980958536e-008 -9.885156479080296
 6.280044565236941 4.438443491492291 -5.433246398865199 6.270641293176314 7.007292818441686 -2.114000666861424e-009 -8.282877285369938 9.985585697647769e-009 9.382549560694397 6.574365257334721e-009
 9.42006768656614 4.438444256738106 5.433247803421278 1.974468055089252e-008 7.007295843894452 2.115511069652701e-008 -2.678799216353782e-008 1.035461582429265e-008 -1.320139729277497e-008 5.863360998145782e-009
 9.14204539383766e-009 1.533755574419255e-009 -5.433246469824799 9.029070279268359e-009 -7.007292915531186 -4.507546024651718e-009 8.282877479549485 5.33510067555001e-009 -1.860228773028287e-008 -9.885155448090794
 -8.719683167264496e-009 8.876887073641006 5.433246405530245 -1.94174372824737e-008 -7.007292873298761 7.672277578234041 -1.616120551001821e-008 3.532538703996642e-009 3.712885178217995e-009 9.885155262988782
 8.507876622749612e-009 2.787588269434514e-009 1.027957657969516e-008 -6.270641265278885 -7.007292783433306 -1.049993101779431e-008 -8.282877198717062 1.737981177928836e-008 1.949098683182466e-008 9.885155025309103
 -3.140022548795973 -4.438444257130262 -3.420674832901586e-009 6.270643484800425 7.007295873642088 2.484790367704807e-008 4.843642523142117e-009 -6.891568787565501e-009 -9.90213332261161e-009 1.912521197344335e-008
 6.841643439961893e-010 -8.876886905805222 1.489729401630783e-008 6.27064108779767 7.007292524336274 1.390244275910698e-008 -1.843114240514202e-008 -8.850357512722324 9.382548826463305 3.106011228942503e-008
 3.140022544469846 -1.33734093946204e-008 -5.433247766699109 -6.270643386090787 -7.007295756296931 2.535777622864291e-008 -1.02476618906148e-009 1.968708468686907e-008 -2.540783100103696e-008 -1.655966332947338e-008
 5.965069501673737e-010 8.876886919179936 -5.434323330729533e-009 -6.270641099690043 7.007292526822604 -1.356601558211064e-009 1.520192336233733e-009 8.850357535800256 -9.382548834396863 -1.661730834783428e-008
 -3.14002162015868 -4.43844164975629 -6.827334613055916e-009 12.54127313605762 1.62299426204968e-009 -7.672267954564579 -6.717776268619405e-009 -1.411824319062886e-008 18.76508068137059 9.885134572415778
 9.104823228833403e-009 4.438443799477373 -5.433246997442259 -6.270642217509643 1.776878726666651e-008 2.46032741811606e-008 -1.255408137348965e-009 1.215234733318843e-008 1.860712322211482e-008 -9.885158690785357
 -5.092702074143093e-009 2.353158229757892e-009 5.433248039459181 -6.270643785800834 1.221297440580269e-008 -2.728003568613453e-009 -1.514051728219318e-008 -2.468905743797999e-008 -2.381649183073756e-008 2.379458971976931e-008
 -6.280045070384807 8.876888449789389 -1.13187680607105e-008 6.270643262782396 -7.007295528992748 2.572046869434462e-008 -7.629815173307653e-009 1.786747347603975e-008 4.451464164668752e-009 -4.767931471394175e-009
 -5.141478338239439e-011 1.043702272269945e-008 -5.433247089797555 4.598460782707286e-009 -7.007294292653596 7.672279467623029 -8.282879747189378 6.921418044464123e-009 3.153748351703715e-008 -3.184378010219709e-008
 -4.022959169309591e-009 -4.438443766399131 5.433246902797886 -6.270642063878396 -7.007293860502479 -7.672278889618308 8.282879000747894 -7.820357901547375e-009 1.040966030575567e-008 1.392524974438479e-008
 -9.14019884406436e-009 -4.438443286859678 5.433246074129366 -4.885176915152641e-009 -7.007292069510795 -7.672276535711314 -8.282876073394354 -1.932537557312727e-008 -2.415463949146834e-008 -9.885153023537026
 -6.280044636817651 8.87688727558154 -10.86649353319511 -1.479505990604239e-008 -1.430136408682048e-008 1.552778339747348e-008 8.282877961241606 8.850358962451859 1.471057477166447e-009 -2.352514650575015e-009
 6.280044105116609 -4.438442824255748 5.433245179281509 6.270639428360122 2.461358486941007e-009 1.431049749729057e-008 -16.56575287517005 2.75835614959382e-008 9.382543271720589 -2.32756628979425e-008
 8.773112009337249e-010 -4.438444065861224 1.117711748397635e-008 6.270642939872777 -7.007295096154454 7.672280508635238 5.779894989090704e-009 -1.699679466379322e-010 3.519764837700367e-009 -1.709253409011895e-008
 3.140022228622155 -4.438443331975827 5.43324612071051 12.54128271314591 -7.007292231495575 -9.346131853762384e-009 8.282876299180868 -8.850356926469754 3.049119443237422e-008 -1.682978855105027e-008
 3.140022629714215 4.438444475370235 1.717868911513438e-008 8.436276460604942e-009 -1.484400862422952e-008 -1.909348769190103e-008 2.044292510811064e-008 2.311739397756596e-008 1.874534635264695e-008 -2.301266787422501e-008
 -1.005235208264434e-008 -8.876888441037119 5.433247663602621 -3.481650884301231e-009 1.70551719425315e-008 -7.672281095239874 -3.594102842128375e-009 2.820142877611443e-008 -2.054307376741946e-008 6.018262984019231e-009
 3.140022312426394 6.349054309293525e-009 5.433246550143399 -1.579023302049757e-008 1.199966497279114e-008 -4.45092028522687e-010 1.01966892203468e-008 -8.85035874796365 2.601838514054063e-008 9.885155991488775
 4.499773802949528e-009 8.876886509453804 -5.433245911016343 12.54128203408852 -1.915529760680291e-008 7.672276126089631 -8.28287553681311 -8.850355960930258 -1.334799825683116e-008 -8.918250612550948e-009
 3.140022102925608 -9.532276582126961e-009 10.86649136229616 -6.270639926327847 -7.007290889721974 -7.672274984931436 8.330721377750033e-009 -8.850354239299225 -1.753873626404631e-008 -9.885149696123154
 3.140022355450116 -4.438443695585245 7.378382775288622e-009 1.464718607995699e-008 1.306557770494515e-008 -1.212426998715118e-008 -2.288539820974116e-008 -8.850359774588647 9.382551507555556 -2.045411412266459e-008
 6.280044286887242 -4.438443081732018 -3.867220186762335e-010 6.270640150557215 -7.007291221452994 2.159368323827977e-008 8.282874696224333 8.85035496649453 1.217833088392169e-008 -9.885150670072466
 -6.551252343958738e-009 -4.438444213214546 -5.433247741899186 -6.270643330731234 7.007295699704292 -5.244780354159688e-009 6.05389209571217e-010 8.255169409843897e-009 1.247213517225136e-008 -1.348196345746993e-009
 -6.280044739410875 1.336341854062446e-008 4.219404980843377e-009 -6.270641943057209 -7.007293755415015 7.672278727975041 -1.494318941013057e-008 -8.850359970802518 2.266006258164516e-008 -2.141066189136234e-008
