# Created by Octave 4.0.0, Sat Nov 19 21:16:03 2016 Hora est. Pacífico, Sudamérica <unknown@HEEC>
# name: DatK
# type: matrix
# rows: 1
# columns: 50
 2000 2000 2000 2000 2000 2000 2000 2000 2000 2000 2000 2000 2000 2000 2000 2000 2000 2000 2000 2000 2000 2000 2000 2000 2000 2000 2000 2000 2000 2000 2000 2000 2000 2000 2000 2000 2000 2000 2000 2000 2000 2000 2000 2000 2000 2000 2000 2000 2000 2000


# name: DatF
# type: matrix
# rows: 1
# columns: 50
 0.0007510949243609935 8.036643567891979 0.5411283348730471 4.048901647527206 0.05445555338815052 150.4253204546749 0.1030693133141857 38.15997957164183 0.04506413478678839 0.04977547732103819 0.5364511170999906 0.002614666619151509 0.1218117925068416 0.06991966047221201 14.07451526321938 0.1119394755441805 0.03867117846341343 3.998670612597611 4.102954067214509 0.05269083031928887 4.025710686299069 0.06677654040860112 0.08105437280364244 0.06494839038702402 0.07033994951684118 5.996920542305221 0.04651737383365687 0.00244037085351679 0.03286729189221189 0.01621637787304369 0.3475511332127779 0.07435920404939902 0.05226884557845544 6.684993033081373 0.1693588017039759 0.1819393938731077 0.7527488191403573 0.03036448255003583 0.2786017642442227 0.094221957425763 0.05183575706441258 0.2223491363785845 4.049867281377109 3.989686665666468 0.04486218388156196 4.420192961431071 0.0477679398603902 4.088250299563034 0.06075744580660747 4.096830473574827


# name: DatP
# type: matrix
# rows: 50
# columns: 10
 -0.9998949497174742 -0.999788754147947 -0.9996405362525356 -0.9992443403506371 -0.9984995928171154 -0.9969795071059447 -0.9940177074861207 -0.9880540983578429 -0.9763875740242354 -0.9533763955724747
 0.9972561761182147 -1.014170152814309 -1.018202596220042 -1.02933587707259 -1.074041424120416 -1.156234857905361 -1.307367744839038 -1.665276465838399 -2.74669415679797 -7.54020970737771
 -1.002747725745864 -1.007489628471537 -1.011720245913683 -1.019581126438167 -1.034988272935426 -1.066126221966335 -1.131543089021253 -1.284053278638014 -1.651219371572395 -2.724047951529784
 0.9918125030057358 -0.9949839118257627 -0.9941550591700804 -0.9898599159887412 -0.9804555279016889 -0.9684874715992243 -0.9424422050963754 -0.8910605164546327 -0.7953602452569662 -0.6318845975873205
 -0.9974361624334773 -0.9960473339983713 -0.9925208074999762 -0.9877196833395369 -0.9844536847808737 -0.9745568779767446 -0.9527888995539023 -0.9089874338183823 -0.826394780745025 -0.6831932805871714
 -0.4782286472419077 -0.242208585033183 -0.03045965122045053 0.7112368467107189 -1.011184512228945 -1.287509762334497 -1.718460687367682 -2.934709898617512 -8.582960435751442 -73.66273712577178
 -0.9970525732380184 -0.9961580365807949 -0.9937704401281295 -0.9877260344916321 -0.9761389050022031 -0.960108873891645 -0.9262662392984307 -0.8603983390702493 -0.7407845637004035 -0.5480770676539624
 -1.005081396804124 -1.015985551182715 -1.02927418553603 -1.047098353794381 -1.120777188155521 -1.274836089167755 -1.620091759498405 -2.630357522783626 -6.90656274033807 -47.70509324119244
 -0.9984596270627917 -0.9973566119560904 -0.9954311197829957 -0.9911453519276965 -0.9872857185144495 -0.9754471367758504 -0.952163690938501 -0.9082740493936363 -0.825384594931722 -0.6801801832112288
 -0.9996397293835424 -0.9990611536291357 -0.9968750501145908 -0.9933484030450762 -0.9868053120462633 -0.9721029250386471 -0.948360497438129 -0.9028375743671996 -0.8174189142551469 -0.6679830387825906
 -0.9962273019544609 -0.9942229899049891 -0.9832722824134704 -0.968570557748585 -0.9424829663258608 -0.8917007977239459 -0.8002893327239248 -0.641721113984031 -0.4178253216753669 -0.1755079514483355
 -1.000378911032479 -1.000422270110052 -1.000752125220771 -1.001464306667343 -1.002703777599114 -1.005416912800166 -1.010855349907958 -1.021940923476881 -1.0441698575069 -1.090442683500525
 -0.9957136922752912 -0.99196637442394 -0.9910122285473126 -0.9859030355584131 -0.9747747954189233 -0.957247266825625 -0.9210457614260472 -0.8510176546109673 -0.7257104541401453 -0.5265063242278624
 -0.998445755360446 -0.9981031607349293 -0.9959669978585886 -0.9904719652735379 -0.9830176443853315 -0.9674145666652719 -0.937528355451975 -0.883323969952486 -0.7815628731806834 -0.6108927439179681
 0.9996073760713537 -1.001375463329587 -1.022109203518738 -1.050134109319878 -1.095768561074369 -1.193914752747071 -1.413007385750597 -1.993598922767255 -3.965047359874915 -15.72537607038455
 -0.9969185555189221 -0.9953724353728574 -0.9918181227166892 -0.9873229812358438 -0.9774530670496696 -0.9579926775154392 -0.9208516058915304 -0.8501396221211295 -0.7245492416808901 -0.5244112665157495
 -0.9995322211843648 -0.9978372303953799 -0.9968364881107187 -0.9937075200389887 -0.9882339924981374 -0.9768377227197762 -0.9550058901334281 -0.9126066702090289 -0.8332463829012579 -0.6939686314449529
 0.9930765140355368 -0.9955338143273271 -0.9964904950545197 -0.9959935997005765 -0.9925982175062512 -0.9864991142719466 -0.9738235454469054 -0.9486932309093534 -0.9003728095594039 -0.8107424563980421
 0.9908223398535992 -0.9934193312178914 -0.9918698966013888 -0.9874116492869521 -0.9775543724070792 -0.9571896393088604 -0.9165131354997685 -0.8405063096904782 -0.7078413849073778 -0.4985545699670466
 -0.9976289707372706 -0.9974114556869424 -0.9935068703976563 -0.9908519099506132 -0.9848861311707691 -0.9718958886277105 -0.9489881509099382 -0.9034588758552866 -0.8179219258250813 -0.6692788041353472
 0.9936781307020389 -0.9978680970736387 -1.000918127071465 -1.003785360721459 -1.009712584706591 -1.019844803513196 -1.039646040109833 -1.080542046556769 -1.165241441113398 -1.357285572956714
 -0.9981915539150124 -0.9975342221000493 -0.996155478564962 -0.9915442007320593 -0.983382740697564 -0.9686050466625309 -0.9390989831517694 -0.8846210531144226 -0.7846935668799202 -0.6143083390425256
 -0.9979256183570643 -0.9968754898363408 -0.9942200533657365 -0.9892978190711795 -0.9819542665587873 -0.9653541320395943 -0.9325747525958274 -0.8728515931369869 -0.7632929989128903 -0.582308070324939
 -0.9969480314103309 -0.9945608940589563 -0.989063510214564 -0.9894592691740927 -0.9849258318540036 -0.9730259784974776 -0.9493852085998747 -0.9032546969880825 -0.8166157101199937 -0.665825512731283
 -0.9943677914105855 -0.9897682703657457 -0.992668292307827 -0.9912579901016667 -0.9857022373379049 -0.9737524611672853 -0.949275985230808 -0.9014742870636279 -0.8137325391916608 -0.6617269065923302
 0.9971501396783294 -1.003357959583219 -1.012376396572329 -1.026053945991676 -1.053151970697819 -1.109980545037927 -1.230105144304407 -1.512918589368488 -2.290104388443031 -5.244132895972124
 -0.9991654454028972 -0.9981567650374785 -0.9968006263631838 -0.9937066036545924 -0.9871874506773365 -0.9745625492169736 -0.9500187317325399 -0.9032693799373266 -0.8165264120101344 -0.6666419195827414
 -0.999600240609135 -0.9995428925724479 -0.9992294974537922 -0.9985845624689451 -0.9973048655075047 -0.9946340272554909 -0.989251000882208 -0.9785686838665866 -0.9575118366989395 -0.9166574440415318
 -0.998951121603078 -0.9983365575987048 -0.9970611090615105 -0.9941548495432666 -0.9883594684512842 -0.976938498479872 -0.9602793061935041 -0.9249630415305646 -0.8567101348134807 -0.7338975665539101
 -0.9993680419528138 -0.9984430453853479 -0.9969784670863301 -0.9956505089483226 -0.9927142891051035 -0.9852565243268091 -0.9716447287420218 -0.9448140634792869 -0.8931718638762116 -0.7977008708399597
 -0.9986754815296174 -0.9941143056683142 -0.9870209925617344 -0.9769506420206028 -0.9587659604569693 -0.9192975867375175 -0.8465110304745478 -0.7195961673670913 -0.5196819076782044 -0.2721329552708915
 -0.9989784165129209 -0.9981973835946213 -0.9960015912690975 -0.9916607078090246 -0.9837423598997407 -0.9677787010780035 -0.9359004054947218 -0.8762162624155403 -0.7695708205854207 -0.5920427606244921
