# Created by Octave 4.0.0, Sat Nov 19 20:07:46 2016 Hora est. Pacífico, Sudamérica <unknown@HEEC>
# name: DatK
# type: matrix
# rows: 1
# columns: 50
 2000 2000 2000 2000 2000 2000 2000 2000 2000 2000 2000 2000 2000 2000 2000 2000 2000 2000 2000 2000 2000 2000 2000 2000 2000 2000 2000 2000 2000 2000 2000 2000 2000 2000 2000 2000 2000 2000 2000 2000 2000 2000 2000 2000 2000 2000 2000 2000 2000 2000


# name: DatF
# type: matrix
# rows: 1
# columns: 50
 1.310758673168978e-128 1.155424342288222e-133 3.694803642427243e-130 2.318183246505241e-131 1.633982918218666e-133 8.435799251887549e-131 1.780857725924494e-131 3.519911873509233e-132 2.432457949075281e-129 4.937790090251568e-129 1.433635484642249e-129 3.885213639714597e-131 1.058472454222353e-134 6.700694945638353e-129 3.194141752529498e-128 3.860652272699457e-132 9.676116087068918e-132 3.203560796478383e-131 7.763716549419728e-129 2.71313446533083e-131 1.526946478046715e-129 4.694554922772472e-135 9.324138760639463e-130 8.015237580312577e-133 1.193107397600541e-131 5.438061367602218e-132 9.735758106899038e-132 1.5970033110172e-132 2.734797338289015e-134 3.316597401871056e-131 1.594422738092613e-131 4.125815900810594e-130 9.31054153860675e-131 8.443116231825974e-135 8.117791455758397e-131 3.448192456463256e-128 8.785124897246404e-135 7.170172766345162e-133 8.659665963777447e-129 2.514745986041984e-130 7.020057898342808e-132 5.427762433307662e-131 2.017461275466015e-129 4.013464447984994e-136 2.816799684207639e-130 1.67616928982987e-131 1.578312950515465e-130 3.879043235495404e-130 2.574221761374104e-131 6.152272300874328e-131


# name: DatP
# type: matrix
# rows: 50
# columns: 10
 1.195673546205103e-065 -4.092825243097738e-065 -4.892796115358157e-065 -1.492021313786507e-065 -4.869384458028938e-065 5.970044411379761e-065 -2.762899562425153e-066 4.716581096346481e-065 4.641574464927972e-066 -2.199813947269029e-065
 -4.448656975080933e-068 1.739745692944869e-068 2.364654047310829e-068 7.350331905408337e-068 -1.236380559270546e-067 2.396798010435628e-067 -2.336230529652695e-068 -1.602732221872372e-067 7.336815146453966e-068 5.431248875377794e-068
 3.609767099301192e-066 1.761751874980947e-067 -2.027362145764271e-066 9.526945392244049e-068 1.506592597563639e-065 -4.816469768152176e-067 -2.834509771433327e-066 5.690168157226376e-066 3.923971018604194e-067 9.193426477373138e-066
 -1.213863042007e-066 -3.469398371711935e-068 4.016255737077816e-067 2.28662813570631e-066 -7.178177712169218e-067 -2.469920664783669e-066 -4.483587298659556e-067 -2.061347844663301e-066 -2.268005811304477e-066 3.277082313274742e-067
 1.892874478278657e-067 -1.617336177860275e-068 1.439347796827592e-067 1.88809155039491e-067 5.07841899684142e-068 8.403205328557158e-068 1.970091136157106e-067 3.119492372645369e-068 -9.99070476735208e-069 1.463383416284819e-067
 6.924426698044302e-066 -2.587817630575016e-066 -1.661421605959658e-066 -1.637965403817577e-066 -2.39832821298515e-068 -3.127027120055569e-066 2.629287614651996e-066 1.639075734552298e-066 1.398030964405462e-066 1.713816765975086e-066
 6.064617674808383e-067 1.380445522785111e-066 -3.47557055534081e-066 -1.071213887853593e-066 -1.081873905786394e-066 -1.51279881215134e-067 4.269635551926947e-068 2.338124645183592e-067 -8.557066939663243e-067 -5.709638516136906e-067
 2.557323054114371e-067 4.876102390411104e-067 -1.374815367368311e-066 -1.430651617032474e-067 -2.557227433751887e-067 6.729309785877339e-067 1.061090672257429e-067 6.618449484171502e-067 2.164185874795865e-067 -5.401843047454824e-067
 -1.896578832766636e-065 1.129299908954275e-065 -2.363642684887682e-065 1.759749550604018e-065 -4.095992098701002e-066 -1.447969426511367e-065 -3.218131901388213e-066 1.920246580660427e-067 -2.898029013782655e-065 4.281487138611426e-067
 -1.549209949035796e-065 -2.3565760436336e-065 -2.040359942112372e-065 5.126120424902859e-066 -3.416843929095983e-065 -4.927499262017469e-066 6.377766222802333e-067 1.961424445638899e-065 -6.484006619799367e-066 4.561716474884918e-065
 2.271659398436883e-065 -5.150026204304715e-066 -1.990985123604295e-065 -4.775128415296577e-066 -2.646210963860317e-066 -6.492292194044012e-068 1.072324455324528e-065 -9.765406026953023e-066 1.255569349369355e-065 -9.841840767054051e-066
 -9.903598825296983e-067 -2.513627620686359e-068 6.039646969593726e-067 4.062580213857264e-066 1.393651953526635e-066 -3.382276956703782e-067 -5.087798102274481e-067 -1.980140019117669e-066 2.160374112268775e-066 -3.177682973707073e-066
 -2.935057190334219e-068 -4.186167554879159e-069 4.713767850031934e-068 5.446246147314833e-068 -3.829119605675954e-068 -2.027275006016747e-068 -3.480030740307202e-068 3.211225103301293e-068 -1.197353891482083e-068 1.596246352852896e-068
 -1.18999289781563e-065 7.459932190844135e-066 -6.884653084879368e-066 -3.054167640144156e-065 -2.18098653402532e-065 3.252666974614144e-065 2.881174259763881e-065 -4.568885768631387e-065 -2.494857935061979e-068 3.274141537247138e-065
 -3.603367845490623e-065 5.650800190748647e-065 -6.439741206206377e-065 1.724958060562038e-065 -2.453365225445888e-066 1.255684688257055e-064 9.327010726000296e-066 -4.203693175348621e-067 8.412905943941101e-065 -8.181363309271157e-066
 9.944153101629475e-067 4.543143040740585e-067 2.858272574654304e-067 2.890793045740728e-067 -1.441006595276322e-067 -1.133121409930294e-066 -2.621388377271497e-067 -6.540581029790393e-067 -5.94848099525128e-067 -5.874033943880462e-067
 3.834228008032142e-067 -1.545579324547139e-066 -1.749558897173807e-066 -1.242795546760322e-066 -7.894623005824691e-067 -1.386674871817411e-067 -2.503301760478499e-067 1.161235514627741e-066 5.295448745749934e-067 4.48062719933735e-067
 -1.004376951767052e-066 1.053823545809183e-066 -1.185505194267644e-066 3.026704647556934e-067 2.041426559493944e-066 -1.002431930646017e-066 1.924495912329918e-066 -1.725213702479449e-066 -3.238920912711056e-066 -2.465017479449123e-066
 2.508591465549491e-065 -4.643699638617379e-065 -2.373746911962358e-065 6.31385809382403e-066 -2.354180831407684e-065 4.205079445957899e-065 2.859045574990498e-065 -2.139833412314446e-065 -1.903470693681601e-065 -2.036117808309315e-065
 1.324292449548014e-066 1.968128526705495e-066 6.993735859820079e-067 -1.583053186761532e-066 -2.291733072001269e-066 3.334461484085962e-067 7.289725431154036e-067 3.218202725864896e-066 -1.502182108910253e-066 -2.95940865369755e-068
 -4.987824588935772e-066 2.124099592923002e-065 6.902734012348808e-066 8.058713463362055e-067 -7.049680498792117e-066 6.963040304088313e-066 2.124764956803692e-065 1.804269981604621e-066 -2.008509764328314e-066 2.111058907661378e-065
 5.849853357575128e-068 1.403136398742881e-068 -6.48409815755531e-069 -3.23433214374863e-069 -6.490413756448957e-069 -2.663325020426267e-068 9.027546497288608e-069 -9.556661349529202e-069 7.489795619167114e-069 -6.535593781640112e-069
 1.023927255063658e-065 1.375890779429887e-065 -2.211662006886148e-066 -2.432295140534839e-066 -1.358744402075158e-065 -1.528237493872596e-065 -5.2757043423954e-066 7.162852765967037e-066 -6.805445271957044e-066 -9.156030872194808e-066
 -1.87680649693001e-067 9.68430007818193e-069 -3.016206391097467e-067 2.134089488811547e-067 2.498509565530906e-067 3.874893041059108e-067 -2.753102504666508e-068 4.460883973899462e-067 4.459072931372785e-067 1.361174702545282e-067
 9.467036960318155e-067 1.341581745213981e-066 1.613174349686556e-066 -6.032470389297494e-067 5.310758948591438e-067 8.195911230824168e-067 -1.483040637871962e-066 -1.069534095579845e-066 -1.370874557636067e-066 3.039161944883431e-067
 -1.901666707931196e-067 -4.569847444961966e-067 2.669748114667764e-067 -4.763260462715699e-067 4.085583152026201e-067 -2.06106163115865e-066 -2.583094717394683e-067 9.865926798175124e-068 -1.254055192009745e-068 6.351308934054152e-067
