# Created by Octave 4.0.0, Sat Nov 19 21:33:28 2016 Hora est. Pacífico, Sudamérica <unknown@HEEC>
# name: DatK
# type: matrix
# rows: 1
# columns: 50
 2000 2000 2000 2000 2000 2000 2000 2000 2000 2000 2000 2000 2000 2000 2000 2000 2000 2000 2000 2000 2000 2000 2000 2000 2000 2000 2000 2000 2000 2000 2000 2000 2000 2000 2000 2000 2000 2000 2000 2000 2000 2000 2000 2000 2000 2000 2000 2000 2000 2000


# name: DatF
# type: matrix
# rows: 1
# columns: 50
 0.1032842715048484 0.1009210697982524 0.09347847620025951 0.1647712608106335 0.1107169909229206 0.08359424655478453 0.068897811562453 0.05408866998343043 0.05175996674123273 0.02955218369277413 0.1057870530156013 0.07624736139946842 0.06889306549981045 0.1057160755513151 0.0884898154913315 0.1572331509404068 0.05658673414398208 0.03446731338024867 0.03194236749533208 0.06643410793360627 0.07376646717773139 0.0516567955073155 0.04428778998478333 0.1231411781314607 0.02955466982390953 0.09106877227773602 0.1967161180791024 0.0172361119176615 0.1034707295119609 0.04425352763035684 0.0737884896186638 0.04425843723062162 0.04917847466734249 0.08859272194279533 0.09102209166689623 0.07135184078825874 0.05409845970454596 0.05899891695088044 0.05163726123369328 0.05407888023548624 0.1205349886155973 0.1180908894238406 0.088587982804197 0.04428776020565117 0.07876248269219632 0.1131561824413357 0.1255483465986484 0.06638503924006389 0.2658003495299417 0.02215124201480889


# name: DatP
# type: matrix
# rows: 50
# columns: 10
 2.612883286443233e-009 -3.279150139440868e-009 10.86649130285241 6.270639862950993 1.346253649870869e-008 -1.825692666045461e-008 8.282873985339252 1.49976137646404e-008 -9.382544721532737 -9.885149472250742
 -6.28004453143028 4.438443454589341 -5.433246319438647 6.270641153640537 14.01458738504265 -1.64604843085326e-008 -9.756796389663929e-009 -8.850357729756436 -2.259425389659682e-009 -2.195582202418248e-008
 6.280044413209755 -4.438443259259701 -1.576078181582961e-008 -6.270640648905564 -7.007291916227698 -7.67227635361759 -5.837699306678004e-009 8.850356284209628 -9.382547384399798 5.516506916438471e-009
 6.280043577315504 -4.957700296104907e-009 5.433243856198657 -6.430547721040123e-009 -14.0145768645918 -7.672270325534082 -8.282868244311379 -8.850347117459631 9.382536418817594 9.885139715965062
 6.103432499742966e-009 -8.876886305650086 -4.449559088912621e-009 -6.270640252102043 -1.29791428019229e-008 15.3445552004528 -1.240643516121391e-008 -9.607140956566102e-009 9.382545980841028 2.282573284087195e-008
 -2.023612424668379e-009 4.438443196398129 -5.433245875639794 6.270640494188542 1.599824971198975e-008 -1.621942351875663e-008 8.282875374636241 -8.850355806197729 2.867752741294567e-008 -9.885151872513978
 -7.870983743817532e-009 -4.438443677674817 5.433246741633273 6.270641827913727 -7.007293554149457 7.672278480045248 -1.705568054551013e-008 -8.850359616402347 -1.987567683412282e-008 8.123059159768938e-009
 -5.310507061931206e-009 4.438443650248462 -5.433246709806204 1.6622126701747e-008 1.779796642452736e-008 -4.074437132660893e-009 -6.22762499236832e-009 8.850359441249127 9.382551108686842 -1.49585481173555e-008
 9.079936954719757e-009 -13.31533312471834 -5.433247827734139 -1.187537220436028e-008 -1.182905141165898e-008 -1.813638804602172e-008 -1.145910036171725e-008 -2.543469931002428e-008 -9.099964048741827e-009 2.743417655701689e-008
 -3.140022545938147 4.438444265234656 8.705197128815072e-009 -6.270643490434127 7.007295866750239 1.91473420422746e-008 1.590362025406599e-009 9.753323493300365e-010 -4.667124548743575e-010 2.163862975103687e-008
 4.628528519505931e-009 -4.438443128751907 1.54340919077808e-008 -6.270640305360373 7.007291423196337 15.34455542878938 -2.862589719443599e-009 8.850355313551962 -8.336966584241888e-009 -1.497752958031199e-008
 -3.140022259441685 -8.876886963128243 -1.131412330279863e-008 6.270641162647805 2.113332556496384e-008 -1.820413590110429e-008 -1.021912148637462e-008 -8.850357763611559 3.964222072768668e-009 -9.885154621239058
 9.420067056268278 -4.43844364299234 -1.731391204976976e-008 9.47191588048176e-009 -2.057200409779773e-008 -1.276047582101691e-008 -1.933356011261035e-008 -8.850359434025822 -9.382551077774625 -6.407613187838184e-009
 -3.14002204977798 -4.438442824234252 5.433245178975553 6.270639415840748 -1.077639172141461e-008 7.672274055814495 -1.292802439885528e-008 -8.850352823752582 -9.382543242165127 9.885147740329232
 -6.280044242190749 -8.922784977358191e-009 -3.717018522970281e-009 -1.51128097692141e-008 -7.007290992885967 -1.419501437604382e-008 1.690656141659915e-008 8.8503544475561 9.382545108627609 9.885149965426145
 1.437651639638733e-010 -2.292673083111321e-009 -3.257622291603626e-009 6.270635687362136 -7.007285009686626 2.319851613431409e-008 8.282864366933506 8.850342358581891 1.398460613433356e-008 -19.77029029359948
 7.39497072912614e-009 -8.876887662483284 -8.37479138864325e-010 1.024311885882453e-008 -1.059063568107729e-008 -7.672279062118762 -1.965498138199451e-008 -8.651493244144579e-009 9.382552410428493 -5.466098242149702e-009
 3.140022525023904 -1.201290390758046e-008 -5.433247662964305 6.270643223160221 1.365313215547346e-008 7.672281058464358 4.285771708194472e-009 1.567638251327593e-008 7.620171722420881e-009 3.223077614464381e-008
 -8.382842027425195e-010 4.419429693658394e-009 5.433247192169803 -1.38445748476419e-008 -1.019124053101584e-008 1.974397360837296e-008 -1.070083482993801e-008 2.640698656342054e-008 -1.848955555944659e-008 9.885159900198227
 3.140022351566273 2.486868540871485e-009 -5.433246775265953 -6.270641854798318 -7.007293622430034 7.672278578700693 1.616051281123051e-008 -8.85035971678165 4.723784462373268e-009 -2.423741702373054e-008
 6.280044496487562 4.438443387040717 9.255721212898231e-009 1.614866173128294e-008 -8.651686649708573e-009 -7.672276961861624 -2.155838678144908e-008 -8.85035724968464 -1.71741960725236e-008 -9.885153942077769
 -5.46846647521017e-009 4.438443801230318 1.619226658456212e-008 -4.988106724395986e-009 7.007294072650392 7.672279178004486 1.771728099112161e-008 8.850360673999631 2.426608155472269e-008 2.284611147364421e-008
 -6.639958316626754e-009 4.438443946850646 -5.433247276337268 4.302759744916819e-009 7.007294670429509 -4.907684367207557e-009 -1.934069929259512e-008 8.850361870458725 5.264727772284672e-009 -1.414817084090662e-008
 -9.420066892078788 13.3153308446491 4.481340815359477e-009 -6.27064131713687 7.0072928677362 7.6722775734896 2.071911082438766e-008 -8.850358237930168 1.754529980254486e-008 1.293173496818471e-008
 6.280045125740145 4.438444269066083 4.434297546326076e-010 -4.990494074984102e-009 1.374450734345899e-008 7.672281577795917 2.22825337244645e-008 -2.265912180915146e-009 -1.965519929171706e-008 -1.560027621865066e-008
 9.420066911920239 -2.251322497178162e-010 5.433246452240611 -6.270641374266159 5.610536716562628e-009 -7.672277665029914 -8.282877461406434 8.850358328317562 -2.688939777435688e-008 4.359251496478732e-010
 -3.140021598108319 8.876883136841547 -5.433242792695732 12.54127246486976 -5.291328500431638e-009 -7.672267323371735 2.064765192126306e-009 2.440027244423449e-008 18.76507848484004 9.885133286784047
 2.05207371414392e-009 -4.438444348917902 1.588216316867348e-008 -1.023097454825196e-008 7.007296227591406 -5.085256444826651e-009 -2.681427391421858e-008 -2.030927657966323e-008 1.474838861435186e-008 -2.068988287983605e-008
 -6.280044786967042 4.438443797900803 -16.29974238734607 -6.270642167456421 7.007294051285066 1.086477365494767e-008 -2.588031962199713e-008 -2.465913101600836e-008 -2.603862753258303e-008 -1.814356172312996e-008
 3.140022394155807 -4.438443801522092 1.36317353219644e-008 -7.399385886879718e-009 -7.007294081749925 1.422811147671664e-008 1.880234487275292e-008 -2.024766763932216e-008 -1.168542213465415e-008 9.88515861408793
