# Created by Octave 4.2.2, Wed Mar 20 11:31:40 2019 -05 <ubuntu@algoritmosb>
# name: DatK
# type: matrix
# rows: 1
# columns: 50
 2000 2000 2000 2000 2000 2000 2000 2000 2000 2000 2000 2000 2000 2000 2000 2000 2000 2000 2000 2000 2000 2000 2000 2000 2000 2000 2000 2000 2000 2000 2000 2000 2000 2000 2000 2000 2000 2000 2000 2000 2000 2000 2000 2000 2000 2000 2000 2000 2000 2000


# name: DatF
# type: matrix
# rows: 1
# columns: 50
 0.08952825041644091 1.499759782661858e-32 1.499759782661858e-32 1.499759782661858e-32 1.499759782661858e-32 1.499759782661858e-32 0.08952825041644091 1.499759782661858e-32 1.499759782661858e-32 1.499759782661858e-32 1.499759782661858e-32 1.499759782661858e-32 1.499759782661858e-32 1.499759782661858e-32 1.499759782661858e-32 1.499759782661858e-32 1.499759782661858e-32 1.499759782661858e-32 1.499759782661858e-32 1.499759782661858e-32 1.499759782661858e-32 1.499759782661858e-32 1.499759782661858e-32 1.499759782661858e-32 1.499759782661858e-32 1.499759782661858e-32 0.4543240185907736 1.499759782661858e-32 1.499759782661858e-32 1.499759782661858e-32 1.499759782661858e-32 1.499759782661858e-32 1.499759782661858e-32 1.499759782661858e-32 1.499759782661858e-32 0.4543240185907736 1.499759782661858e-32 1.499759782661858e-32 1.499759782661858e-32 1.499759782661858e-32 1.499759782661858e-32 1.499759782661858e-32 1.499759782661858e-32 1.499759782661858e-32 1.499759782661858e-32 1.499759782661858e-32 1.499759782661858e-32 1.499759782661858e-32 1.499759782661858e-32 0.08952825041644091


# name: DatP
# type: matrix
# rows: 50
# columns: 10
 0.9999999999941112 1.000000001715021 0.9999999998251143 0.9999999980674711 0.9999999981381118 1.000000000053074 -0.09299369547073105 0.999999996564247 1.000000002091108 0.9999999903553247
 1 0.9999999999999998 0.9999999999999999 0.9999999999999998 0.9999999999999999 1 0.9999999999999999 1 1 0.9999999999999998
 1 0.9999999999999999 1 1 1 0.9999999999999998 1 0.9999999999999999 1 1
 1 0.9999999999999998 1 1 1 1 0.9999999999999999 1 0.9999999999999998 0.9999999999999998
 0.9999999999999998 0.9999999999999998 1 1 0.9999999999999999 0.9999999999999998 1 1 1 1
 0.9999999999999999 1 1 1 0.9999999999999999 1 0.9999999999999998 0.9999999999999999 0.9999999999999999 0.9999999999999998
 1.000000002489666 1.000000001924228 1.000000001895876 -0.09299369226512745 1.000000003111169 0.9999999975530681 0.999999998005737 0.9999999964618415 1.000000000349243 0.9999999990799858
 1 1 0.9999999999999998 1 1 0.9999999999999998 1 1 0.9999999999999998 1
 1 0.9999999999999999 1 1 0.9999999999999998 1 1 0.9999999999999998 1 0.9999999999999998
 1 1 1 1 1 1 1 1 1 1
 0.9999999999999998 1 1 1 0.9999999999999999 1 0.9999999999999999 1 0.9999999999999998 1
 0.9999999999999999 1 1 0.9999999999999999 1 1 1 1 1 1
 1 1 1 1 1 0.9999999999999998 1 0.9999999999999998 0.9999999999999998 1
 1 1 0.9999999999999998 1 1 1 0.9999999999999999 1 1 0.9999999999999999
 1 1 0.9999999999999999 1 1 1 0.9999999999999999 1 1 0.9999999999999999
 1 1 1 1 1 1 0.9999999999999998 1 1 0.9999999999999999
 1 1 1 1 1 0.9999999999999998 1 1 0.9999999999999998 1
 0.9999999999999999 1 1 1 0.9999999999999999 1 1 1 1 0.9999999999999999
 1 1 1 1 1 1 0.9999999999999999 1 1 1
 1 1 1 1 0.9999999999999998 0.9999999999999999 0.9999999999999998 0.9999999999999998 0.9999999999999998 1
 0.9999999999999999 1 1 1 0.9999999999999998 1 1 1 0.9999999999999999 1
 1 1 0.9999999999999998 0.9999999999999998 1 1 1 1 1 1
 1 1 1 1 1 0.9999999999999998 1 1 0.9999999999999999 1
 1 0.9999999999999999 1 0.9999999999999999 0.9999999999999999 0.9999999999999999 1 1 1 1
 1 1 0.9999999999999999 1 1 1 1 1 0.9999999999999998 1
 1 0.9999999999999998 1 1 1 1 1 1 1 1
 1.000000005021888 1.000000006292349 0.9999999917244764 1.000000001298214 0.9999999962709185 3.66435455554071 0.9999999976050304 0.999999995459388 0.9999999932174698 0.9999999943132815
 1 1 1 0.9999999999999998 0.9999999999999999 0.9999999999999999 1 1 1 0.9999999999999999
 0.9999999999999998 0.9999999999999999 1 0.9999999999999998 1 1 1 0.9999999999999998 1 1
 1 1 0.9999999999999998 1 1 1 1 1 1 1
 1 1 1 0.9999999999999999 0.9999999999999999 1 0.9999999999999998 1 1 1
 0.9999999999999998 1 1 1 1 1 0.9999999999999999 0.9999999999999998 0.9999999999999999 1
 0.9999999999999998 1 0.9999999999999998 1 1 1 1 1 0.9999999999999998 1
 1 1 0.9999999999999998 1 1 1 1 1 0.9999999999999999 0.9999999999999998
 1 1 0.9999999999999999 1 1 1 0.9999999999999999 1 1 0.9999999999999999
 0.9999999962513451 1.000000000164196 1.000000002974284 0.9999999963958768 1.000000001242412 3.664354557950579 0.999999998566512 0.9999999959292215 0.9999999966302701 0.9999999936532683
 0.9999999999999998 0.9999999999999999 0.9999999999999998 1 0.9999999999999999 0.9999999999999999 1 0.9999999999999999 1 0.9999999999999999
 0.9999999999999999 1 1 1 1 0.9999999999999998 0.9999999999999998 1 1 1
 1 1 1 1 1 1 1 0.9999999999999999 1 1
 0.9999999999999999 1 1 1 1 0.9999999999999998 0.9999999999999999 0.9999999999999998 1 1
 1 1 1 1 1 1 1 1 1 0.9999999999999999
 0.9999999999999999 1 1 1 0.9999999999999998 1 1 1 1 0.9999999999999998
 0.9999999999999999 0.9999999999999999 1 1 1 0.9999999999999998 1 1 1 1
 1 1 1 0.9999999999999999 0.9999999999999999 1 1 1 1 0.9999999999999998
 1 0.9999999999999998 1 1 1 0.9999999999999999 1 1 1 1
 0.9999999999999999 0.9999999999999998 1 1 0.9999999999999998 0.9999999999999998 0.9999999999999998 1 0.9999999999999998 0.9999999999999998
 1 1 1 1 0.9999999999999998 1 1 1 1 1
 0.9999999999999998 0.9999999999999999 1 1 1 1 1 0.9999999999999999 1 1
 0.9999999999999999 1 1 0.9999999999999998 0.9999999999999998 1 1 1 1 1
 1.000000001302295 0.9999999997154194 1.00000000011119 0.9999999992829973 0.9999999984501227 1.000000001391569 0.9999999989476998 0.999999997905733 -0.09299369440420581 1.000000006805985


# name: DatT
# type: matrix
# rows: 1
# columns: 50
 16.97871518135071 17.49108409881592 17.03975391387939 17.50316500663757 17.5286078453064 17.01111388206482 17.29978394508362 17.09035491943359 17.64457392692566 17.03319191932678 17.47314691543579 16.99239683151245 17.43599414825439 17.29986214637756 17.31225800514221 17.51416993141174 17.02762889862061 17.55319905281067 17.13676691055298 17.06735897064209 17.02308297157288 17.04148101806641 17.56711387634277 17.04417490959167 17.26344203948975 17.53168702125549 16.91571617126465 17.0409688949585 17.52714586257935 17.30711603164673 17.0493381023407 17.02876591682434 17.1358048915863 17.02444005012512 17.03491711616516 16.93740010261536 17.04534697532654 17.05013680458069 17.02155804634094 17.03174304962158 17.02973413467407 17.03130698204041 17.0304479598999 17.03746199607849 17.04213094711304 17.04253602027893 17.30436706542969 17.00599598884583 17.01518106460571 16.93105506896973


