# Created by Octave 4.2.2, Wed Mar 20 12:15:24 2019 -05 <ubuntu@algoritmosb>
# name: DatK
# type: matrix
# rows: 1
# columns: 50
 2000 2000 2000 2000 2000 2000 2000 2000 2000 2000 2000 2000 2000 2000 2000 2000 2000 2000 2000 2000 2000 2000 2000 2000 2000 2000 2000 2000 2000 2000 2000 2000 2000 2000 2000 2000 2000 2000 2000 2000 2000 2000 2000 2000 2000 2000 2000 2000 2000 2000


# name: DatF
# type: matrix
# rows: 1
# columns: 50
 5.851292366269452 0.5578402199763394 0.1206644328781575 0.6551685807990286 0.8373708324059503 0.2364527573558055 3.102059713648323 0.0509869333298231 0.01072896381344738 0.8226183596997243 0.04102661207173475 4.225811497068974 4.638939837002286 1.81203944089751 1.480736058799058 0.1648984849689265 0.2147802859880864 0.1525720420320638 2.036486100309676 0.4623744338436503 4.456481284562265 0.03029764061145973 4.730030217492816 2.358498437274543 0.2836859932581446 0.06269897462255553 1.263253226438092 0.6302372223945488 0.5537286367191803 0.9539726592724409 0.4907213888684596 0.1726312906554732 0.09304448579253946 0.03134948731127776 0.06806345730187631 0.06059528122498843 1.751448888443953 2.585742989920425 0.8806215588961761 0.3681934856559989 0.252868010185215 0.3475073529517729 5.304709678772378 3.496054502740942 0.06269897462398821 0.3836525395476093 0.07342793843600876 0.1844826363915955 0.92449806697411 0.03671396921800531


# name: DatP
# type: matrix
# rows: 50
# columns: 10
 4.035307052304772e-13 -2.148551336355345e-13 -1.356140217334842e-31 -2.01082530446905e-31 1.43691493819813e-21 -2.444039596358506e-23 -2.48633907087253e-20 1.845113417989378 -4.690280412644324 -1.845113394016576
 0.0009627109952646661 4.131880499062885e-32 -5.501876915794624e-31 2.486721087140632e-32 -0.05737165227353645 4.293433472889648e-32 -1.362723534971066e-31 1.026460672739423e-31 -0.0002209256012361304 -0.0009370189018153425
 -3.862198219717617e-34 1.883595940505103e-34 0.00298223558495806 9.545625886255873e-33 1.727121216954626e-33 6.222425125882711e-34 -6.076895097370531e-31 -1.157402861858234e-31 2.552816553348299e-05 5.612134580527561e-06
 -0.0001744145872713241 0.0001356011490736666 -0.09730526578042094 -1.284642815945897e-33 4.46841883253837e-34 -3.081627272577516e-34 -8.106277729310343e-34 -2.564300066396564e-34 1.734097912260762e-33 -0.0002209231453355556
 -3.249554297733147e-24 4.464443624814061e-23 8.706023066973866e-13 -1.547000177017525e-23 -1.576184430846205e-32 5.256173154800893e-32 0.05737154552682511 -0.0001483836991307701 0.03176992739521929 -0.0001561255425487795
 9.479191705142388e-31 1.015322863943534e-32 8.5272145467284e-32 0.0009627113590552046 1.035136058091891e-32 1.071358280754826e-31 6.051233876625436e-32 -0.007478668426003508 6.064864440247219e-35 -3.269764055888781e-35
 2.335681976188041e-27 1.311828220974552e-26 -8.681168889207127e-30 8.863364763381889e-31 -0.007480273633785868 -4.925973464017156e-06 0.3622296166970696 -0.647040824732793 0.3622296099859809 0.0005068733807728141
 -2.611843958127918e-05 1.613182412606893e-25 -1.319836641986422e-23 2.510047064610785e-24 1.388836610615318e-16 8.731214397322495e-24 2.122172526700306e-23 -0.0002114069307105902 9.210210811919373e-05 -0.0002001079392038258
 3.121112333048081e-38 2.324846409702969e-38 7.332270203563683e-37 5.804350736751474e-37 2.613781541587327e-05 5.415153133304579e-37 2.583281630253281e-37 -1.473021982325022e-37 -3.000528242702507e-37 5.214530789059139e-37
 1.256679899826888e-33 -1.949892123611877e-34 1.934521481819295e-33 0.05737165229349551 -6.495909202517647e-34 4.229948312358074e-33 4.484815947411995e-33 0.007480274979858265 -0.01442049582600786 0.007480276328792887
 -1.131533957319307e-35 -8.980593206213117e-36 6.839620858617565e-36 -4.639861294909445e-37 1.547913774081203e-24 0.0002209230964239734 -1.487022818483453e-06 -2.611667697369126e-05 2.945596910478384e-34 -4.534902180373433e-35
 -7.772191289198331 0.5103402492750625 -0.123063253030367 -0.09730531277228507 -5.351209772096984e-33 -1.934727415047719e-31 -1.113671325917465e-30 7.630198205726116e-31 7.678916084410248e-31 9.81398886934921e-31
 20.07068109897167 -2.352496130437382e-05 -1.139144017671378e-05 -2.352084804792274e-05 1.140889894775848e-05 0.0009554770522042512 -0.00290756275505803 -1.437905717692554e-21 1.22615411576359e-21 6.654795314597973e-21
 1.037016874393783e-32 -1.822208117254775e-33 -2.61378140854242e-05 4.766394513247149e-09 -0.7415336106098698 -0.0002209251783060558 -4.25137026111386e-07 -0.0009627109826000518 8.044996638987946e-32 -3.1825032943524e-32
 -0.6470406259193163 0.3622299646344371 -7.403919978375065e-25 1.503880156955249e-27 1.109828382834045e-25 4.126826964045953e-25 2.2111693659752e-05 2.211213014678999e-05 -6.544949781029403e-28 7.665353781812101e-25
 3.655009671074448e-24 1.054312448089879e-24 5.647600710864319e-24 -8.482380004058182e-33 6.642026773195313e-33 -2.296278688428539e-33 -2.018058856848163e-16 0.002982221118757524 -1.020878742971823e-05 0.002982215115281692
 -7.7492203845511e-06 2.496176409753889e-05 -7.746934427038262e-06 -0.0002208530965549031 3.578227717827454e-22 1.876451870263503e-21 1.283248285273574e-22 -0.007480288935068522 9.542639743366825e-24 7.783630221822425e-23
 -0.00686008677500428 0.002982234247487213 -2.716562216725067e-06 -2.606736352649712e-05 -7.0117691966372e-34 1.399765706804961e-33 1.648132187127623e-34 4.306723903009372e-35 -5.709886030360767e-35 -8.940712767499674e-35
 4.626018971615908e-05 0.0002160280459995504 4.625897043825101e-05 0.05739982024729227 0.07846660360500515 -0.522051686374772 -1.834651850718117e-32 7.611295188902645e-33 -1.655562966296422e-32 1.050424757033084e-32
 -2.654832549600954e-34 1.859148254596498e-33 7.013573021051281e-35 2.443201324310056e-34 -2.058968735171031e-33 -0.002980890077451865 -0.0001268377119554361 -0.007479199266315909 0.0001268548832950306 -0.03177003925719803
 -0.002982235306686151 1.116158068008027e-06 -0.002982235829737828 -2.485039793576974e-12 4.240965333609202e-09 2.420497625703231 -7.751869829738769e-32 4.727145233018478e-31 3.791618340107196e-19 1.387365281510793
 -2.776348221827908e-34 -3.64264950276928e-35 -3.282135075224133e-35 2.522662414519805e-36 -3.718391136363418e-35 5.39112625621357e-35 0.0002209255983630908 1.402077298383855e-34 -2.387117234324728e-35 -7.773731788300775e-36
 -0.007036588978683681 -0.03098125057160245 0.007036590334047922 0.09705055475179784 1.493206718420782e-23 1.304622353808626e-24 -1.119098022669752e-23 6.007876553963729e-24 5.588228457898968e-24 14.03914636085077
 0.0009370188962813215 0.0002209256024553508 2.31972880145898e-32 1.184767998385521e-32 -2.523630084969251e-32 1.704331227145991e-32 4.046772897253495e-32 -0.524968316119746 0.5237178510220843 -0.03621250499381994
 -9.21151241668809e-05 0.002980812598367181 -9.211565375819338e-05 -0.007479707651044217 -4.572574167478338e-31 -2.358462445870516e-30 -3.134439138174513e-31 5.282876674346651e-30 -1.004860026850771e-30 1.099371676686963e-29
 -1.781067367127824e-35 -7.008937864807521e-36 -3.024642585446543e-35 1.24317325463183e-34 0.0009627110456029748 2.476158537243407e-35 3.920667807997065e-35 -1.165076710557374e-35 1.762680516621275e-35 3.145240126959867e-35
 -6.673059055710354e-32 -4.861151155556358e-34 -2.59379152574777e-32 2.613780449601448e-05 -2.513813557633452e-08 -0.0009627110249051364 2.947902194229875e-07 -0.1568849515474342 -1.917496304413096e-05 -0.1568849510851937
 2.614002177786617e-05 2.694883679097603e-28 2.091731226062974e-28 -1.736838571533878e-27 0.09733175489450037 1.321803674894174e-33 -2.356769428360646e-34 2.413044669345061e-33 1.760286007717058e-28 -2.943686471388471e-28
 -1.344504715500419e-31 -8.677917440937383e-31 4.343355801544909e-30 1.532155285184294e-22 2.604331260795896e-23 -0.0002169898796204785 5.944990226053914e-05 -0.0002086871301745614 -7.251086873626421e-05 0.2425993526562859
