# Created by Octave 4.2.2, Wed Mar 20 12:30:46 2019 -05 <ubuntu@algoritmosb>
# name: DatK
# type: matrix
# rows: 1
# columns: 50
 2000 2000 2000 2000 2000 2000 2000 2000 2000 2000 2000 2000 2000 2000 2000 2000 2000 2000 2000 2000 2000 2000 2000 2000 2000 2000 2000 2000 2000 2000 2000 2000 2000 2000 2000 2000 2000 2000 2000 2000 2000 2000 2000 2000 2000 2000 2000 2000 2000 2000


# name: DatF
# type: matrix
# rows: 1
# columns: 50
 6.661338147750939e-15 1.155148502709824 3.108624468950438e-15 3.108624468950438e-15 3.108624468950438e-15 3.108624468950438e-15 3.108624468950438e-15 3.108624468950438e-15 3.108624468950438e-15 3.108624468950438e-15 3.108624468950438e-15 3.108624468950438e-15 3.108624468950438e-15 3.108624468950438e-15 3.108624468950438e-15 3.108624468950438e-15 3.108624468950438e-15 3.108624468950438e-15 3.108624468950438e-15 3.108624468950438e-15 3.108624468950438e-15 6.661338147750939e-15 3.108624468950438e-15 3.108624468950438e-15 3.108624468950438e-15 3.108624468950438e-15 3.108624468950438e-15 3.108624468950438e-15 3.108624468950438e-15 3.108624468950438e-15 3.108624468950438e-15 3.108624468950438e-15 3.108624468950438e-15 3.108624468950438e-15 3.108624468950438e-15 3.108624468950438e-15 3.108624468950438e-15 3.108624468950438e-15 3.108624468950438e-15 3.108624468950438e-15 3.108624468950438e-15 3.108624468950438e-15 3.108624468950438e-15 3.108624468950438e-15 3.108624468950438e-15 3.108624468950438e-15 1.155148502709824 3.108624468950438e-15 3.108624468950438e-15 1.155148502709824


# name: DatP
# type: matrix
# rows: 50
# columns: 10
 -4.986046231866958e-16 -4.578256176319568e-15 1.755670767551986e-15 2.785310030271055e-15 2.025947742395146e-15 -4.374729507415039e-16 2.848018399329668e-15 -7.109264662096698e-16 2.620478433677738e-15 3.206895382601479e-15
 -1.455337093806479e-09 4.576323086044103e-09 0.8714068092743443 3.517854127169805e-09 4.120860343753601e-09 3.71803573833944e-09 -1.39890814396119e-09 2.072901748683573e-09 -2.296287341062318e-09 1.522752324867887e-09
 1.144180627194218e-15 -2.032126077815842e-15 9.982427015910304e-16 -2.791052811626927e-15 5.131497564082754e-17 1.500035813808926e-17 6.44430758904125e-16 -7.511798183173706e-16 -1.851720602476718e-15 3.858367323136545e-16
 1.66821946703172e-15 -1.864454058888796e-15 -1.516397365951166e-15 2.008173080405387e-15 -1.33820670340523e-15 -1.136919183919151e-16 -2.858506671032186e-16 -8.216782438627275e-16 -6.159426746653021e-16 1.55444918763167e-15
 1.602521964679062e-15 -3.016333670241598e-16 9.545427715408858e-16 4.597883140731251e-16 -2.863384203212113e-15 1.689002867263998e-15 6.45845711385309e-16 1.101882768702179e-15 1.898820830988826e-16 1.367726257463181e-15
 1.429567381032301e-15 -6.845472009814193e-16 5.388035397441513e-16 5.466923591250668e-16 -5.463007827180024e-16 -1.959205294525123e-16 -5.436925668776932e-16 1.367914403536729e-15 3.439538888513945e-16 3.535349060002583e-15
 1.231052201881266e-15 2.104692014547264e-16 2.147926237829942e-15 2.364500104269641e-15 8.213576803461001e-18 3.291331022366038e-16 5.477000671026622e-16 9.089368188336172e-16 -7.80849309755355e-17 2.121923331633423e-15
 -9.775540685376137e-16 2.960783225717979e-15 -1.520928447125983e-15 4.842705560280063e-16 9.376867676439658e-16 6.514173471920235e-16 -1.530952672872404e-15 1.425066504394955e-15 9.602706030755928e-16 -1.528649246296993e-16
 1.426588258641281e-15 8.697523694316525e-16 -7.664521466038387e-16 7.271996987022752e-16 -7.877526639125871e-16 7.137660212210664e-17 -3.630949290588799e-16 -2.296366325369598e-15 1.754022213221581e-15 -1.744947654557674e-15
 1.636872099305533e-16 2.276927818587561e-15 9.514402104977425e-16 -6.104043586398123e-16 1.000629482803988e-15 -1.759125815198442e-15 -1.595791164726923e-15 1.206073748025294e-15 1.05207111946862e-16 -9.054305843985581e-17
 2.104972783889026e-15 1.813702669939086e-16 -1.628327179176528e-15 -9.20161726166928e-17 1.057728274432255e-15 -1.976490593623858e-15 -1.732314271493851e-15 -4.065361017354879e-16 6.502835690670587e-16 8.702502800168684e-16
 -2.720473173148882e-16 1.843180770873488e-15 2.116109720141096e-15 -1.095098850585274e-15 -7.923880858243675e-16 -1.320221736917814e-15 2.791451019837861e-16 6.402530344592456e-16 7.320361606493902e-16 2.441819019490658e-15
 -7.44888135118769e-16 -6.05568175326899e-17 1.40687567638175e-15 -5.498597031211023e-17 -1.875386513148409e-15 -7.515695597160673e-16 5.129331896088055e-16 -1.0111235605706e-15 2.773430681860629e-15 1.77379046979068e-15
 -8.645233606848102e-16 -3.101446187868006e-16 1.492595674657297e-15 -8.740246821547075e-16 -1.697282303663598e-15 -5.466354196756813e-16 2.124390556865454e-15 -1.297853506215026e-15 -1.216002821207082e-15 -1.240677202947182e-15
 -7.90578265821447e-17 1.304274680388845e-15 -3.663096752665797e-16 -6.58963330605531e-16 1.702178728995777e-15 1.222625151003108e-16 1.003419005810028e-16 9.871314072672968e-16 -1.117570876432971e-15 2.705228221148718e-15
 1.652209437989634e-15 -7.517192955070834e-16 -2.512820622484644e-15 1.716317844085685e-17 1.246201139218795e-15 -7.013928680125348e-16 1.353017874708552e-16 -1.61655523944683e-15 1.463503885511262e-16 1.637281880285497e-15
 2.295014897422638e-16 -3.422215295003933e-16 3.136216920486172e-17 1.562149761699842e-16 -9.555725854422151e-16 -1.950871620934761e-15 1.862763202221343e-15 -2.913600743907818e-15 1.244371938107829e-16 -1.134662080798648e-15
 -7.204895462658017e-16 -1.198364802906304e-15 9.697591328578454e-16 -2.232756481491627e-15 -2.372459699408605e-15 2.060254218819633e-17 5.357580239991776e-16 -6.859305072444207e-16 -2.124011680374824e-15 5.413273906476585e-16
 -1.629057005147748e-15 1.421687029557558e-15 -2.101549301240027e-15 -1.873137268158226e-15 5.204024364861276e-16 3.597654485531705e-16 3.202758609381498e-16 9.86155369068723e-16 8.671951422915586e-16 -4.28046779817837e-16
 1.892131987235568e-16 -2.149948322291525e-15 5.293679330221156e-16 -9.154829526723544e-16 -4.743803995814233e-17 -9.195217587334658e-16 -1.615665108229582e-15 -1.205406018576713e-15 -2.624381002854702e-15 2.415823242505579e-16
 1.004857474535532e-15 -5.632146533716231e-16 -6.523197904305519e-16 9.773395199257145e-16 5.798915717542109e-16 9.242850693882482e-16 -7.657753920091875e-16 4.653144306559872e-16 -4.713707542677068e-16 3.394315995091473e-15
 3.301117336002758e-15 1.531772524339056e-15 -2.024450865901454e-15 2.756762930672975e-15 -1.474823554279766e-15 2.521064565711123e-15 1.356107488574404e-15 -2.152037848793162e-15 -3.060233638231725e-15 -3.560417379931461e-15
 1.022287191651459e-16 -1.276567822326793e-16 5.64170572044636e-16 -2.15217136144209e-15 -1.203740038891941e-15 2.759121678939678e-15 9.104219449351106e-17 2.669620751408453e-16 -1.396890817762317e-15 -8.993176561505925e-16
 -2.480279456160806e-16 1.286440027372317e-15 -2.231105376535954e-15 1.310376483301892e-15 1.301123402532802e-15 -1.704170398539683e-16 -7.734779722260262e-16 7.027048114111508e-17 -6.434564849196772e-16 6.402889574444981e-16
 1.734384998979873e-15 -7.297404359338948e-16 5.361302181446917e-16 -4.870826539788802e-16 -2.615591270799017e-15 1.462270011353476e-15 -1.155232033686518e-15 1.095079217324994e-15 1.06312937546386e-15 3.244128297308243e-16
 -5.5715429078547e-16 -1.746006573297745e-15 -1.670511153108207e-15 -1.196684524645179e-15 -1.329711188444253e-15 1.9439171325166e-15 -6.087781012449084e-16 -1.256748400995087e-15 -1.544377853847198e-15 -2.002164835429796e-16
 -1.29932257310391e-15 9.368147532406951e-16 8.858265635139495e-16 -3.127792338651415e-16 1.447012139272175e-15 -9.09707214125656e-16 -1.372855465358976e-15 -2.742077576504004e-15 4.916228946975746e-17 1.13980723722302e-15
 -1.796726712831282e-15 -2.821332432974134e-15 -2.727073977654406e-16 -6.328543070684824e-16 -5.510824528872508e-16 -1.073144214109438e-15 -5.975842105433381e-16 1.803716848845104e-15 -8.509150489952643e-17 -1.426834596860736e-15
