# Created by Octave 4.2.2, Wed Mar 20 11:17:22 2019 -05 <ubuntu@algoritmosb>
# name: DatK
# type: matrix
# rows: 1
# columns: 50
 2000 2000 2000 2000 2000 2000 2000 2000 2000 2000 2000 2000 2000 2000 2000 2000 2000 2000 2000 2000 2000 2000 2000 2000 2000 2000 2000 2000 2000 2000 2000 2000 2000 2000 2000 2000 2000 2000 2000 2000 2000 2000 2000 2000 2000 2000 2000 2000 2000 2000


# name: DatF
# type: matrix
# rows: 1
# columns: 50
 1.499759782661858e-32 1.499759782661858e-32 1.499759782661858e-32 1.499759782661858e-32 1.499759782661858e-32 1.499759782661858e-32 1.499759782661858e-32 0.08952825041644091 1.499759782661858e-32 0.4543240185907736 1.499759782661858e-32 1.499759782661858e-32 1.499759782661858e-32 1.499759782661858e-32 1.499759782661858e-32 1.499759782661858e-32 1.499759782661858e-32 1.499759782661858e-32 1.499759782661858e-32 1.499759782661858e-32 1.499759782661858e-32 0.4543240185907736 1.499759782661858e-32 0.08952825041644093 1.499759782661858e-32 1.499759782661858e-32 1.499759782661858e-32 1.499759782661858e-32 3.373791003757096 1.063239845993291 0.5438522690072145 1.499759782661858e-32 1.499759782661858e-32 2.400079408180246 1.499759782661858e-32 1.499759782661858e-32 1.499759782661858e-32 1.499759782661858e-32 1.499759782661858e-32 1.499759782661858e-32 1.499759782661858e-32 1.499759782661858e-32 1.499759782661858e-32 0.4543240185907736 1.499759782661858e-32 1.499759782661858e-32 1.499759782661858e-32 0.4543240185907736 1.499759782661858e-32 1.499759782661858e-32


# name: DatP
# type: matrix
# rows: 50
# columns: 10
 0.9999999999999999 1 0.9999999999999998 1 1 1 1 1 0.9999999999999999 1
 1 0.9999999999999999 0.9999999999999999 1 1 0.9999999999999999 1 0.9999999999999998 1 0.9999999999999999
 1 1 1 1 1 0.9999999999999999 0.9999999999999998 1 1 1
 1 1 1 0.9999999999999998 1 1 1 1 0.9999999999999999 0.9999999999999999
 0.9999999999999999 1 1 0.9999999999999998 1 1 1 0.9999999999999999 1 1
 1 1 1 0.9999999999999998 1 1 1 0.9999999999999999 1 1
 1 1 1 0.9999999999999999 0.9999999999999998 1 0.9999999999999998 0.9999999999999998 1 1
 0.9999999995846637 0.9999999994677237 0.9999999999616996 1.000000000850295 0.9999999999337038 0.9999999969491898 0.999999998382219 1.000000000690022 -0.09299369722704148 1.000000005849402
 1 1 1 0.9999999999999998 1 1 0.9999999999999998 0.9999999999999999 0.9999999999999998 1
 0.9999999974069946 0.9999999997617205 0.999999997633494 0.9999999999213522 3.664354557299896 0.9999999995164541 1.000000003605118 0.9999999996651712 0.999999996754147 0.999999999089389
 0.9999999999999999 1 1 1 0.9999999999999999 0.9999999999999998 1 1 0.9999999999999999 1
 1 1 0.9999999999999999 1 1 1 0.9999999999999998 1 1 1
 1 1 1 1 1 1 1 0.9999999999999999 0.9999999999999998 0.9999999999999999
 1 1 1 0.9999999999999998 1 1 0.9999999999999999 0.9999999999999998 0.9999999999999998 1
 1 1 1 1 0.9999999999999998 1 1 1 0.9999999999999999 1
 1 1 1 1 1 1 1 1 0.9999999999999999 1
 1 0.9999999999999999 1 1 1 1 1 1 1 1
 1 1 1 1 1 1 1 0.9999999999999998 1 0.9999999999999999
 0.9999999999999999 0.9999999999999999 0.9999999999999999 0.9999999999999998 1 1 1 1 1 1
 0.9999999999999999 0.9999999999999998 0.9999999999999998 1 1 1 1 1 1 0.9999999999999998
 1 1 1 0.9999999999999999 0.9999999999999998 0.9999999999999999 1 1 1 1
 1.000000003409106 1.000000005908252 1.000000002164436 0.9999999943810582 1.000000004142334 0.9999999939128944 0.9999999999969161 0.9999999959067992 3.664354556625574 1.000000015458985
 1 1 1 1 1 1 1 1 0.9999999999999999 1
 1.00000000213138 1.000000001319554 0.9999999991747224 0.9999999976192695 0.9999999996947579 1.000000000615587 1.0000000032762 -0.0929936934118345 0.9999999981908296 0.999999993109605
 0.9999999999999999 1 0.9999999999999998 1 1 1 1 0.9999999999999999 1 0.9999999999999998
 1 0.9999999999999998 0.9999999999999998 1 1 1 1 1 0.9999999999999998 1
 0.9999999999999999 1 1 0.9999999999999999 1 1 0.9999999999999999 1 1 1
 1 1 1 1 1 1 1 1 1 1
 -4.205434986159934 1.000000006108293 0.9999999888617738 0.9999999912001569 0.9999999987539239 0.9999999924259617 0.9999999895520453 0.9999999918101425 1.000000008587014 4.890649600121975
 1.000000004967972 0.9999999972419431 -0.0929936893445826 0.9999999988386746 1.00000000324294 1.000000006224726 0.9999999938374255 0.9999999991858213 1.00000000423412 -2.890649606035356
 0.9999999976099072 -0.09299370464001026 3.664354557644272 1.000000002258635 0.999999990734292 0.9999999925734714 0.9999999955319181 1.000000001062471 1.000000007036774 1.00000001167825
 1 0.9999999999999999 0.9999999999999999 0.9999999999999999 1 0.9999999999999998 1 1 1 1
 0.9999999999999998 1 0.9999999999999998 1 1 0.9999999999999999 1 1 1 1
 -4.205434984223988 1.000000012627996 1.000000002678522 0.9999999898840971 0.9999999801890777 0.9999999987868488 1.000000000568315 0.9999999983276755 0.9999999978046116 0.9999999818186085
 1 1 0.9999999999999999 1 0.9999999999999999 1 1 0.9999999999999998 1 1
 1 1 1 1 1 1 1 0.9999999999999999 1 1
 1 1 1 1 0.9999999999999999 1 1 1 0.9999999999999998 1
 1 1 0.9999999999999998 1 0.9999999999999998 1 1 0.9999999999999998 0.9999999999999999 1
 1 1 0.9999999999999998 1 1 0.9999999999999999 1 0.9999999999999999 0.9999999999999998 1
 1 1 0.9999999999999998 1 1 0.9999999999999998 0.9999999999999998 1 1 1
 1 1 1 1 1 1 1 0.9999999999999999 0.9999999999999999 1
 1 1 0.9999999999999999 1 1 1 0.9999999999999999 1 0.9999999999999999 1
 1 0.9999999999999998 0.9999999999999998 1 1 0.9999999999999998 1 0.9999999999999999 1 0.9999999999999999
 0.9999999985168941 1.000000002343557 0.9999999958448179 1.000000001263948 0.9999999978353252 3.664354557585034 0.9999999933887089 0.9999999993512362 0.9999999992626426 0.9999999921729835
 1 1 1 1 1 1 1 0.9999999999999998 1 1
 1 0.9999999999999999 1 1 0.9999999999999998 1 0.9999999999999999 1 0.9999999999999999 0.9999999999999998
 1 0.9999999999999999 0.9999999999999999 1 1 1 1 1 1 1
 1.000000003315755 1.000000006246864 3.664354559150417 1.000000006513381 0.9999999985845933 1.000000006795733 0.9999999958819533 0.9999999947485598 0.9999999943446081 1.000000020167318
 0.9999999999999999 1 1 1 1 1 1 1 1 0.9999999999999998
 0.9999999999999998 1 1 1 1 0.9999999999999998 1 0.9999999999999999 1 1


# name: DatT
# type: matrix
# rows: 1
# columns: 50
 17.05276894569397 17.03426599502563 17.05708694458008 17.05753684043884 17.07103395462036 17.33156204223633 17.06250715255737 16.9381730556488 17.53571605682373 16.95169591903687 17.84752297401428 17.07976293563843 17.07015085220337 17.06020498275757 17.07914900779724 17.06077003479004 17.06048607826233 17.03288602828979 17.09207201004028 17.06488084793091 17.05701899528503 16.94172406196594 17.4316999912262 16.93269801139832 17.06951308250427 17.0713369846344 17.3237898349762 17.08230710029602 16.91970181465149 16.91139388084412 16.91744589805603 17.06667900085449 17.06386995315552 17.20407199859619 17.07989907264709 17.04669499397278 17.33591294288635 17.04526495933533 17.04494690895081 17.68592095375061 18.01142001152039 17.09119701385498 17.35706996917725 17.0368959903717 17.32245087623596 17.05468487739563 17.04970693588257 16.92669486999512 17.32923698425293 17.15149807929993


