# Created by Octave 4.2.2, Wed Mar 20 12:25:27 2019 -05 <ubuntu@algoritmosb>
# name: DatK
# type: matrix
# rows: 1
# columns: 50
 2000 2000 2000 2000 2000 2000 2000 2000 2000 2000 2000 2000 2000 2000 2000 2000 2000 2000 2000 2000 2000 2000 2000 2000 2000 2000 2000 2000 2000 2000 2000 2000 2000 2000 2000 2000 2000 2000 2000 2000 2000 2000 2000 2000 2000 2000 2000 2000 2000 2000


# name: DatF
# type: matrix
# rows: 1
# columns: 50
 6.661338147750939e-15 3.108624468950438e-15 3.108624468950438e-15 3.108624468950438e-15 1.646223633103107 3.108624468950438e-15 3.108624468950438e-15 1.155148502709823 3.108624468950438e-15 3.108624468950438e-15 3.108624468950438e-15 3.108624468950438e-15 3.108624468950438e-15 3.108624468950438e-15 3.108624468950438e-15 3.108624468950438e-15 3.108624468950438e-15 3.108624468950438e-15 1.155148502709824 1.155148502709824 3.108624468950438e-15 3.108624468950438e-15 3.108624468950438e-15 3.108624468950438e-15 3.108624468950438e-15 2.013315236255791 3.108624468950438e-15 3.108624468950438e-15 1.155148502709823 3.108624468950438e-15 3.108624468950438e-15 3.108624468950438e-15 3.108624468950438e-15 3.108624468950438e-15 3.108624468950438e-15 3.108624468950438e-15 3.108624468950438e-15 3.108624468950438e-15 1.646223633103107 3.108624468950438e-15 3.108624468950438e-15 3.108624468950438e-15 1.155148502709824 3.108624468950438e-15 1.155148502709824 1.155148502709824 3.108624468950438e-15 3.108624468950438e-15 3.108624468950438e-15 3.108624468950438e-15


# name: DatP
# type: matrix
# rows: 50
# columns: 10
 1.950394434783733e-15 -3.147495199671456e-15 2.919654867289067e-15 -2.417944269178028e-15 -1.623860984049416e-15 -2.807393367352241e-15 -2.827797976468603e-15 1.29199966550206e-15 3.350437585981554e-15 1.695774250897808e-15
 3.037035085285113e-15 1.388647441561168e-16 1.431390660126162e-15 -1.792678652335872e-16 1.574911524651575e-15 1.573843618212503e-15 -7.699085199383168e-16 6.656633045764035e-16 -4.795748607145125e-16 7.576690060882996e-16
 5.407698397091113e-16 -1.119445625321896e-15 -2.978010196030189e-15 2.37947107095212e-16 5.034810781890265e-16 -1.582479696223233e-15 -3.608422557019402e-16 -8.488673489128252e-17 1.577991734823395e-15 -8.576852437533466e-17
 3.757239218213472e-16 -7.242086157454612e-17 -3.183418509376603e-17 2.672650202223074e-15 -7.715858288454981e-16 9.145617063940704e-16 2.192524456018818e-15 -1.558850987356163e-15 1.76574370947449e-15 -1.914438086217376e-16
 2.749603521560775e-09 -5.807776131921883e-09 1.094927610767649e-09 -3.562304983748643e-09 0.9175370987110555 2.582763095564225e-09 2.396226770304952e-09 1.347966390895172e-09 -4.353370369816729e-09 0.9175371050094439
 1.478125648815138e-15 -6.723836282088825e-16 7.643984108873398e-16 1.518257937316904e-15 8.721311450135334e-16 1.435894229389796e-15 1.929271074662646e-15 -1.435521048948181e-15 -5.001534855606249e-16 1.976018354917547e-15
 7.380815098151988e-16 4.53939258188601e-16 -2.631278196390445e-16 -1.0742776680963e-15 -7.589321823108807e-16 2.258812346829156e-15 3.011043569142542e-17 -8.60294231217384e-17 2.450502042821112e-15 2.627908957173328e-16
 4.499053342729057e-09 2.092788493667801e-09 3.459726795715499e-09 1.799854285340012e-09 0.8714068142382055 -3.863814379931822e-09 1.983147170102484e-09 1.060419916186615e-09 1.498842222613521e-09 1.959553989390497e-09
 2.892926926754414e-16 -2.118684211480383e-16 -1.360438251588958e-15 -1.171542735970515e-16 7.598083666830678e-16 -1.087744967518933e-15 1.313111538012516e-16 1.397399269522681e-15 -1.643541659014398e-15 -1.616831717303218e-15
 -1.134389775828834e-15 7.22425706800049e-16 1.659692735915786e-15 -9.44082121614802e-16 -1.504064353148648e-15 -1.077196910172649e-15 1.952443985672033e-15 6.778391229964252e-17 -7.336017442570615e-17 2.505553918117018e-15
 2.239541986130816e-15 -7.528444876720629e-16 1.140005391301089e-15 4.897834649830177e-16 -1.796723821620959e-15 2.073044054355443e-15 -9.663987219041898e-16 2.722477233554443e-16 -9.727778597810369e-16 3.091412854924897e-16
 2.138790276182492e-15 1.18082168480541e-15 -1.418328006912906e-15 -6.279336617663664e-17 1.038662515610287e-15 -5.734848197148792e-16 -7.709881577393265e-16 -1.842517398139622e-15 -5.950310225086553e-16 2.190321447184349e-15
 8.453474748495505e-16 2.688571545802232e-16 2.434233567905842e-16 -8.242609873684548e-17 2.339546479493991e-15 1.21237340778599e-15 2.36474416604101e-16 2.939218577262482e-15 -1.19827055522435e-15 3.458076962703887e-16
 -2.08189219907215e-16 -1.559451423510096e-15 -4.350183354279444e-16 5.584494861349258e-17 1.08274460474046e-15 -9.429971919826467e-16 -3.363793738805777e-15 -4.944268221481815e-16 -1.363669423251814e-15 4.27678645134898e-16
 -3.707751369852672e-16 1.628269412383714e-15 1.113529704140309e-15 9.857309401912504e-16 3.743072689244102e-16 -1.118731988444254e-15 -5.639985941487354e-16 -2.586282928344208e-15 1.493722826337667e-15 -8.201271651345509e-16
 1.758718019693234e-17 1.784165402440242e-16 1.542205000591301e-15 4.093590528848723e-16 9.009196241719029e-16 -5.887318300391424e-16 1.576577643523958e-15 6.072344431116597e-16 -2.832428982834034e-15 7.691708698323865e-16
 -8.002733453846565e-16 -2.180636454485115e-15 -4.541634071865345e-16 -1.756466321245785e-15 9.167011774930234e-16 -1.019357485088944e-15 1.927007982108768e-15 2.08141347514536e-16 -1.335039529879011e-15 1.108948083182883e-15
 -1.061618725002922e-15 -1.149574715566992e-15 9.067314699855936e-17 1.614721795252746e-15 -9.361470568355205e-16 -3.185452210202493e-16 -1.586267871902843e-15 -1.499783473957183e-15 5.023030157902164e-16 -3.288295797496329e-16
 -3.152485996071164e-09 -1.26628952490237e-09 -0.8714068080790015 6.473573739792527e-09 -3.510103119344607e-09 2.769181634771725e-09 2.544645182279781e-09 4.327031791815866e-09 5.835546416045274e-09 5.837895099942858e-11
 -3.518472633642823e-09 9.089167012436137e-10 -0.8714068162310269 1.494129180251478e-09 -1.98458611185944e-09 -2.646278884441544e-09 -3.686467784266501e-09 6.647323920394147e-09 -5.672184452910352e-09 3.252139522163954e-09
 -1.678709556227559e-15 -4.698180372129719e-16 2.688230231847576e-16 7.730882124634287e-17 -2.252340297378673e-15 1.082912381651358e-15 5.113157660555252e-17 1.802060231541466e-15 -4.196465920437412e-16 2.382578320674028e-15
 1.012734056175447e-15 -1.022111415427083e-15 1.247559898699744e-15 1.327518888257513e-16 9.961730561403805e-16 -1.624157630973079e-15 -1.855684160210232e-15 1.412684841511659e-15 8.813544565073935e-16 8.075185942859769e-16
 -8.297505618400279e-16 6.135876164478724e-16 -1.115404876285361e-15 -7.354630511452177e-16 -2.015704080785381e-16 1.480765570977682e-15 2.557141259146822e-15 -1.592657388442964e-15 1.134840875416455e-15 -5.070329807241571e-16
 2.120733007011744e-15 -1.686255204372678e-15 1.966483867099799e-16 -1.506611779018827e-15 9.54266866103473e-16 -6.10377392734744e-16 1.768782044652534e-17 2.436821057765947e-15 -2.11164619950443e-17 -1.162501242527176e-15
 2.037842990610318e-16 1.335450885276244e-15 6.193951753038492e-16 3.288557635969412e-15 -2.333912733090251e-16 1.54177097921477e-15 -3.152587168662278e-16 7.363134233308556e-16 5.086262724649399e-16 -2.924626399157025e-16
 -7.780061704266023e-10 -1.630312838860903e-10 -0.9352847190179607 3.908590786590865e-09 -0.9352847191833323 -1.290675180873667e-09 1.373970004082782e-09 0.9352847142286715 -3.472000099669665e-09 3.064602392410784e-09
 2.288355084696723e-15 1.511556268348619e-15 -4.373724193998175e-16 1.632170900248775e-15 -6.918274417827552e-16 -1.253255102485207e-15 2.4260708633527e-17 -1.009180341366198e-15 1.469873670802157e-15 -5.888049997812413e-16
 8.625412990888568e-16 5.740084883247588e-16 -5.255956864037471e-16 4.173008372749272e-16 1.008871315165402e-15 2.613676457055032e-15 9.693611970556913e-16 2.025276395024344e-15 -4.344521416466832e-16 4.967815454075694e-16
