# Created by Octave 4.2.2, Wed Mar 20 11:53:01 2019 -05 <ubuntu@algoritmosb>
# name: DatK
# type: matrix
# rows: 1
# columns: 50
 2000 2000 2000 2000 2000 2000 2000 2000 2000 2000 2000 2000 2000 2000 2000 2000 2000 2000 2000 2000 2000 2000 2000 2000 2000 2000 2000 2000 2000 2000 2000 2000 2000 2000 2000 2000 2000 2000 2000 2000 2000 2000 2000 2000 2000 2000 2000 2000 2000 2000


# name: DatF
# type: matrix
# rows: 1
# columns: 50
 0.03242536806025532 0.01353846575629114 9.865545816155885 0.1018996032770778 4.139503304794163 0.0005698200680365361 0.08178697454782945 0.05974572739959963 97.77330298746452 3.987941431688126 0.134620885706034 0.05314692542173399 0.05588251167633253 0.05078779323563423 0.2485721830761431 0.3252719202320958 0.05990091125950892 4.001843943541115 0.09165887546289722 0.003219862114436256 0.07905624823259361 0.03815623569109154 0.0575209309415216 8.224063587561085e-05 0.002373918075191154 0.006805868560829212 0.0670239341254522 0.03025378047967961 0.6805176249108957 0.3662527216385484 80.18712981836693 0.159158584267073 4.267827364037077 10.70410530655997 0.04146200135003077 0.02047725972706445 3.991781732144225 4.258580806907784 0.6034827626546022 0.06959004925753437 0.4357475886369477 0.004132588060917287 0.03663108025247075 4.11243206614227 4.035489646428455 0.09410748722899345 0.04698149976463469 9.60581014052995 4.087890020456106 4.037678628995089


# name: DatP
# type: matrix
# rows: 50
# columns: 10
 -0.9988123578347202 -0.9981774335069346 -0.9968513216287284 -0.9943266765548977 -0.9888704548110528 -0.9778347200367001 -0.9594271997674428 -0.9214039508664863 -0.8494105038382199 -0.7214715039683969
 -0.9996481785969346 -0.9991559994184304 -0.9978526538742825 -0.9956651946801215 -0.9928798056167799 -0.9867241207689922 -0.9741828783352058 -0.9493428414484215 -0.9019723824010615 -0.8132176231337532
 0.9925226671833991 -1.006185250842571 -1.020561595006108 -1.039702843430179 -1.077563971953803 -1.167023449282283 -1.348475556306874 -1.800459506654568 -3.230500570662291 -10.44193329574296
 -0.9986458659029873 -0.9977434531396286 -0.9948554276051522 -0.9898393204689344 -0.9808376255321501 -0.9609407027622865 -0.9242901891036845 -0.8541203225846128 -0.7317238036309334 -0.5359079845193194
 0.9950557838400163 -0.9983276197698852 -1.00290152926677 -1.008918649231304 -1.018029604632768 -1.036626624942919 -1.075092340865703 -1.157059968969102 -1.339645950924036 -1.794622279089488
 -1.000093036952886 -1.00015927476948 -1.00030820452843 -1.000691316488626 -1.00131720856362 -1.002767703878445 -1.00516529151213 -1.010055989644763 -1.020034101899235 -1.040355986119686
 -0.9984271933878875 -0.9972773379369609 -0.9951984692930085 -0.9907857784972178 -0.9825912885684339 -0.9662676796691534 -0.932475012502017 -0.8705803926385567 -0.7596470506587003 -0.5751411093546087
 -0.9959215392049329 -0.9961046959861627 -0.9947756036408233 -0.9919795703824097 -0.9844914433686124 -0.9709937096603761 -0.9449010847078478 -0.893702646538703 -0.7994772271889523 -0.6383421269930493
 -0.4853144234241584 -0.2340835232561921 -0.03268844332280518 0.6582007875539316 -0.9496449414226362 -1.159668385124743 -1.452732944307815 -2.160113176837303 -4.662217676437265 -21.73030656071878
 0.9935192498105911 -0.9968614133384313 -0.9988578483066781 -1.000093573431037 -1.001276521534034 -1.003188266444942 -1.006307295372876 -1.012832310839368 -1.025932321552184 -1.052620182648851
 -0.9989179044082968 -0.9970403576055581 -0.9932400030570859 -0.987222674298845 -0.9755669461192624 -0.9531792836109346 -0.9111788243917157 -0.8328649814253832 -0.6935280680135983 -0.4808997562600903
 -0.9977857838077853 -0.9974053852603707 -0.9959073081538392 -0.9927321571642824 -0.9859884923939164 -0.9731749766733591 -0.9475281645682108 -0.8973818725995815 -0.8047271279939313 -0.6473387540524889
 -0.9993559122562709 -0.9986361564377668 -0.9960388110897472 -0.9911800460385609 -0.9850389944380444 -0.9715678152293591 -0.9450129237896872 -0.8962425722971399 -0.8033217733624141 -0.6444586956149073
 -0.9990424939772082 -0.9982452348523837 -0.9971439836983467 -0.9925799916294629 -0.9853424526486149 -0.9724991993636993 -0.948349541634527 -0.9005207816163086 -0.8115243313825322 -0.6570724587547923
 -0.9945378022119594 -0.9897567874008166 -0.9812615033930728 -0.9769928220498821 -0.9623325869633612 -0.9382569073993738 -0.8873854387641275 -0.7917293614716635 -0.6313868884107782 -0.3968270641043256
 -1.001756683406459 -1.003582103883707 -1.008506734400839 -1.014976632006234 -1.029062507127239 -1.053886443789214 -1.108716178636433 -1.22702659707226 -1.502605219736406 -2.258986494214201
 -0.9981886150734388 -0.9961469699762658 -0.9947156464538021 -0.9914900649968365 -0.9842949695397523 -0.9691973037524653 -0.9444847172686465 -0.8939326547736575 -0.8000691183345441 -0.6395656029528212
 0.9927876324596973 -0.9956472831594899 -0.9961757794202772 -0.994553779313941 -0.9902551249838126 -0.984699079752708 -0.9717692498652446 -0.945300924638474 -0.8943633586131589 -0.7995991044665588
 -0.9972871429903444 -0.9957833062601916 -0.9923652484945882 -0.9862856422388419 -0.9784117438486387 -0.9633491520812256 -0.9318906147356806 -0.8697664062542594 -0.7605697385520851 -0.5790231419708927
 -0.9998211911862719 -0.9995186441779517 -0.9990591685034842 -0.9981473744635759 -0.9963870788250485 -0.9936125397978925 -0.9876440557137414 -0.9756572935028126 -0.9518083276696186 -0.9057595676780461
 -0.9975029631703939 -0.9960130742268227 -0.991641993462358 -0.9835664288628907 -0.9814696076313481 -0.9705914098123396 -0.9471645097371095 -0.8993517837560644 -0.8103320173513954 -0.6566666557412053
 -1.000822033827729 -1.001445344260286 -1.003153986901893 -1.006096312270932 -1.011210108462673 -1.021274589143095 -1.040687494499589 -1.080889304320639 -1.166660222638453 -1.361254229377215
 -0.9967369047176382 -0.9953621050302843 -0.9951228148398246 -0.9932823274188318 -0.9858779478534831 -0.9727291155256327 -0.9466285328907864 -0.8957803171766426 -0.802449575402268 -0.6418715459272875
 -1.000058641522126 -1.000099024091359 -1.000167051443014 -1.000269145835241 -1.000509432108398 -1.000989027502388 -1.001910099941562 -1.003868998206717 -1.007786592405256 -1.015668817482972
 -0.9998204596924315 -0.9995490741086979 -0.9992306389743243 -0.9985262521003514 -0.9972279829547585 -0.9946073162018452 -0.9892990269490367 -0.9788583753324382 -0.9580470580167899 -0.9177672230301104
 -0.9993246160324724 -0.9990405226906348 -0.9985161748029951 -0.9972181177377141 -0.9951294151985417 -0.9905993052197662 -0.9818542860873601 -0.964183034388794 -0.9297385241880891 -0.864614962915017
 -0.9991432629760763 -0.9977735785581782 -0.9960318433304685 -0.9918147334669589 -0.9835313385087234 -0.9684408819272518 -0.9385689650202934 -0.8856106608331884 -0.7849637841075968 -0.6152283355553703
 -0.9990671503088929 -0.9984038692953431 -0.9974205056054294 -0.9947076913026009 -0.9897417307608761 -0.9799550451525088 -0.9605139112062921 -0.9227252148085839 -0.8513411829578277 -0.7246001504802452
 -0.9903939306102466 -0.9809374276555594 -0.9746836155874072 -0.9633992616163302 -0.9351392382707021 -0.8786649093382894 -0.7742268301321693 -0.5991265621522369 -0.3659974908220161 -0.1341875165383791
 -0.9971869930546966 -0.9948030682636109 -0.9875571855289607 -0.9751033958583043 -0.9549705944894429 -0.917676209552826 -0.8435489557382355 -0.7128970743545713 -0.5064452705867944 -0.2560526490001381
 -0.4640150521865112 -0.2084126115187324 -0.024303135617716 0.6053587321625287 -0.8758565413602616 -1.061266010456205 -1.243552156798946 -1.591171618469932 -2.540464547487031 -6.45698594726776
 -0.9974082658970276 -0.9955482860424638 -0.9919073875348253 -0.9835137312859616 -0.9728793250210681 -0.949576473124319 -0.9044268550691953 -0.8186513172739477 -0.6714822049523368 -0.4488345340126557
 0.9962733990362144 -1.000247034542165 -1.00622319971607 -1.01534146317409 -1.027504370401636 -1.052546950292631 -1.100835018056255 -1.205049622098607 -1.451318394666822 -2.109811018084091
