# Created by Octave 4.2.2, Wed Mar 20 12:07:09 2019 -05 <ubuntu@algoritmosb>
# name: DatK
# type: matrix
# rows: 1
# columns: 50
 2000 2000 2000 2000 2000 2000 2000 2000 2000 2000 2000 2000 2000 2000 2000 2000 2000 2000 2000 2000 2000 2000 2000 2000 2000 2000 2000 2000 2000 2000 2000 2000 2000 2000 2000 2000 2000 2000 2000 2000 2000 2000 2000 2000 2000 2000 2000 2000 2000 2000


# name: DatF
# type: matrix
# rows: 1
# columns: 50
 7.959667418927246 4.974795285466449 6.964708361833956 8.954626476020536 12.93445766657463 15.91930960332096 4.974795285466451 12.93443746986017 5.969749304740666 12.93443746986017 6.964708361833956 8.954626476020536 2.984877171279869 7.959667418927245 8.954621438201464 7.959672456746322 4.974795285466451 5.969754342559742 5.969749304740667 9.949585533113829 0 4.974795285466453 7.959667418927246 5.969749304740666 7.959667418927246 9.949585533113829 3.979836228373161 1.98991811418658 10.94454459020712 4.974795285466453 8.954626476020538 14.92437074294213 14.92435054622768 15.91930960332096 11.93949860948133 5.969754342559741 3.979836228373161 7.959667418927246 7.959667418927248 10.94454459020712 3.979836228373161 7.959667418927246 6.964708361833956 6.964708361833956 9.949560298580298 6.964713399653032 5.969749304740666 7.959667418927246 10.94453955238804 4.974790247647376


# name: DatP
# type: matrix
# rows: 50
# columns: 10
 3.467751487028612e-10 5.257212358092561e-10 0.99495863678569 0.9949586376439987 -0.9949586380888027 0.9949586379400396 -8.305198456328058e-10 -1.989912231605641 8.710453986390554e-10 7.760815820348576e-10
 -0.9949586364614484 1.159815573195041e-09 1.405207501850342e-09 0.9949586365884499 1.090566285959612e-10 0.9949586386471188 -0.9949586365651447 -5.190543279987806e-10 2.335129631303753e-10 -0.9949586375203762
 -0.9949586368858708 9.841699341626049e-10 -1.286506749686105e-09 0.9949586370069198 0.9949586389976292 -1.274270113492008e-09 -3.153874262010708e-10 1.077400023926556e-09 -8.703245632609469e-10 1.989912233517196
 -0.9949586367262777 3.201514655350675e-10 1.41313582474186e-09 -1.155575512695393e-09 -1.989912232547898 -0.9949586368093218 -5.333371874015512e-10 -0.9949586369242023 -0.9949586381299614 -0.9949586377594032
 0.9949586368766343 0.9949586381526587 5.738995899993828e-11 -0.9949586380807139 1.989912232970508 -0.9949586368563355 7.302230891075158e-10 1.508941400690081e-09 -0.994958637160929 1.989912233132338
 2.984855701333924 1.547407712891468e-09 0.9949586368393103 -1.079953300269453e-09 -4.101705448617938e-10 -8.92042545750799e-10 0.9949586382886905 -1.989912233678644 0.9949586378480282 4.783992659355669e-10
 0.9949586376939458 0.9949586383720528 1.086580265175409e-09 1.832488298354824e-10 1.403602476085776e-09 -0.9949586373767637 -0.9949586361398253 0.9949586379590206 -7.348784193643252e-10 -7.638265022100354e-10
 -4.873647401629052e-10 1.938585110093573e-10 -4.369001128278973e-11 -9.740787489542589e-10 2.98485570319563 -0.9949586375568795 -0.9949586362445079 -2.221433667820887e-10 0.9949586369976163 0.9949586349579977
 1.213159897669832e-09 1.153488435025315e-09 -0.9949586376091056 1.989912232429329 -4.340031533817129e-11 2.801603713805082e-10 5.438923012149965e-10 -3.161090502432251e-10 -1.952729620868472e-10 0.9949586372479904
 0.9949586381502189 -2.984855700732813 -1.206699748916194e-10 3.49045523424127e-09 -2.187200854342272e-10 7.715248261648408e-10 -0.9949586366398128 0.9949586355145678 -0.9949586354814502 -8.103491671015158e-10
 1.377371357075307e-09 6.638939329497249e-10 -0.9949586372986007 -0.9949586383455103 7.043403250225936e-10 -1.98991223468201 -1.161110142034648e-09 1.485588188641034e-09 -0.9949586386051629 7.121242935431685e-10
 7.487074508500027e-10 -1.989912235587254 -0.994958637187855 -0.9949586374470104 4.422916493035055e-11 0.9949586391469206 -0.9949586392510008 -0.9949586374659156 9.389796018255656e-10 1.086710462084644e-10
 -0.9949586379116239 9.289203254594833e-10 2.363829431139715e-10 -3.342631726773471e-10 6.129741333126942e-10 7.681113901234643e-10 -0.9949586369125083 -0.9949586379507294 -1.457300706785901e-09 -1.440074359886146e-09
 -0.9949586371548018 1.989912233281025 0.9949586383313364 1.293414067684918e-09 2.526670689535601e-10 -2.481252793429741e-10 1.20940257926165e-09 -3.769698502941847e-10 0.9949586379080307 -0.9949586372645735
 1.9899122351495 -1.329382553749187e-10 0.9949586369266171 1.640267855448163e-10 6.885184364491636e-10 -7.465671324131095e-10 -1.989912234314643 -8.319790777039704e-10 1.154206331349683e-09 8.306199925539691e-10
 -0.9949586379958418 -0.9949586377841482 -0.9949586350321811 0.9949586373700017 -5.427983385965657e-10 0.9949586386548047 -0.9949586369051197 1.208216900899394e-09 -0.9949586386558791 0.9949586367918911
 1.169236728792893e-09 -0.9949586376450092 -2.110216696630037e-10 3.281323382172835e-10 -9.240724654538429e-10 0.9949586388131089 0.994958636988286 1.139311336094918e-09 0.9949586370788098 0.9949586400047551
 0.9949586373785116 0.9949586378498093 0.9949586376300897 -1.139483562545668e-09 -3.475657813145652e-10 -0.9949586353346929 -5.441099001774303e-10 1.372271454300954e-09 0.9949586377209823 -0.9949586370612535
 1.031830013304848e-09 9.594591513496552e-10 -1.989912231610273 0.9949586370953004 1.225574570743474e-09 -0.9949586373586092 -9.76587570555032e-10 1.675310501026991e-10 2.901036011639081e-10 -1.003320007686251e-09
 6.132341405498159e-10 -1.989912231911026 -3.416647604044974e-10 7.526480508103578e-10 -0.9949586377100043 -0.9949586386827902 0.9949586385528707 -0.9949586387082315 0.9949586383678558 0.9949586394394321
 5.12673349464802e-10 -8.303532167528533e-10 -1.246046118509654e-09 -3.056948905557579e-10 -9.157269053654346e-10 1.34871802656683e-09 -5.130882294911819e-10 -1.038032292355564e-09 2.574425058303923e-10 6.479473089252453e-10
 1.249752057946389e-09 -0.9949586395963476 -0.9949586379108489 -1.273926285149473e-09 -0.9949586354331663 -1.499830112208225e-09 6.100158630806881e-11 -0.9949586381686787 -0.9949586388011755 -1.202847189554941e-09
 0.9949586372960209 -1.386012294297289e-10 1.553219947298793e-09 0.9949586371986162 4.050055370803353e-10 -1.989912233879199 -1.002196105660696e-09 -0.9949586373450245 0.9949586376114151 -4.473080955712451e-10
 8.915389708046008e-10 1.266804282886005e-10 6.855329267344796e-10 -1.274530595483313e-09 1.989912232885931 2.40482439903678e-10 -0.9949586373561177 5.567301158650384e-10 3.970031385011856e-10 -0.9949586371879353
 0.9949586382228893 -5.018690392867844e-10 -1.177867012380088e-09 -1.989912234135038 -0.9949586386166678 -1.246647991231488e-09 -7.583826325478135e-10 1.311007535643047e-09 0.9949586384653515 0.9949586378424403
 -0.9949586372034769 -0.9949586386182316 -6.806642514295145e-10 0.9949586365319282 -0.9949586382916938 0.9949586352372375 -1.989912231791898 2.753535399950255e-10 -2.008098228747515e-11 -0.9949586372750341
 4.726940731762243e-10 -0.9949586385388902 -2.70125779475393e-11 -0.9949586374890821 -4.481800142184518e-10 -3.593830227856894e-10 0.9949586362207805 -0.9949586365902189 4.342060477653663e-10 -1.545028342911442e-09
 1.242778764904542e-09 3.159650792352921e-11 6.04890252075335e-10 -7.055273597516531e-11 1.099252837407126e-09 6.624670486412519e-11 0.9949586365122954 -9.212575982446505e-10 0.9949586371221673 -1.009400020988226e-09
 -0.9949586376458616 0.9949586384121135 1.989912234147445 0.9949586382000384 -0.9949586392106017 -1.509840128878971e-10 -0.9949586368062991 -0.9949586388902738 1.565384459779246e-09 -0.9949586366329588
 -1.363198988158164e-09 4.208305716292254e-11 -0.9949586350688105 -8.708050175700269e-10 -3.247218246160105e-12 0.9949586397569771 0.9949586381650899 -7.3635108120344e-10 -0.9949586379636759 -0.9949586372284379
 -0.9949586384614888 5.961518584829693e-11 0.9949586387578644 -1.98991223299399 0.9949586374657469 -0.9949586392980706 1.270136550490264e-10 -3.302454809847597e-10 -0.9949586374556836 -1.086437165035216e-09
