# Created by Octave 4.2.2, Wed Mar 20 11:00:09 2019 -05 <ubuntu@algoritmosb>
# name: DatK
# type: matrix
# rows: 1
# columns: 50
 2000 2000 2000 2000 2000 2000 2000 2000 2000 2000 2000 2000 2000 2000 2000 2000 2000 2000 2000 2000 2000 2000 2000 2000 2000 2000 2000 2000 2000 2000 2000 2000 2000 2000 2000 2000 2000 2000 2000 2000 2000 2000 2000 2000 2000 2000 2000 2000 2000 2000


# name: DatF
# type: matrix
# rows: 1
# columns: 50
 7.986612176269082e-131 1.583760078971858e-131 4.538808990460624e-129 1.074795187867629e-132 2.730489975914467e-130 1.055181606749307e-131 1.008572341597543e-127 1.59660567262527e-131 6.715639731542281e-132 1.022364756044333e-131 4.483303304598087e-129 6.097601366157455e-129 6.678832949881978e-133 6.552084406673801e-130 2.076479007253029e-131 1.229846750623329e-130 3.011487650989187e-128 1.097165799386696e-131 2.173946234781324e-129 1.570115886885688e-130 1.126133324161722e-130 2.299752049692774e-132 1.551530726939971e-130 2.303079023427293e-129 5.106164122524092e-130 1.349653801050576e-132 5.578480496327511e-131 2.014080986653629e-127 5.399059424347674e-131 2.227080083063561e-130 4.409487140534708e-130 1.107477044371479e-128 1.979512032188083e-131 7.086095026040375e-130 3.697403734825799e-130 1.84251611527878e-134 1.787237105148291e-132 1.984850463862845e-129 1.485739329766594e-130 2.940103929585706e-132 8.614116831284099e-130 2.014705571287209e-130 4.678356668599207e-133 6.281033482140949e-130 1.031298010249636e-128 2.663102255250385e-130 2.086331601303727e-133 5.832628624076676e-130 5.726905509480666e-136 3.739989936272226e-133


# name: DatP
# type: matrix
# rows: 50
# columns: 10
 -1.203249788089168e-66 1.570756925415871e-66 -2.597421699433116e-66 -4.13680163402235e-66 -4.281822931707272e-66 3.665347506112648e-66 2.567496128915283e-66 -3.121691581435959e-66 1.800540591082392e-66 8.623143665029526e-67
 8.368150228120963e-67 -2.576364573318914e-67 -5.374526037592438e-67 1.657437525216614e-66 -8.912165281445043e-67 -9.987287022996902e-67 9.314987175279219e-67 1.122736757217282e-66 -1.799695746768051e-66 2.208201083088033e-66
 -1.590623693174085e-65 -2.361935328492995e-65 7.287972460092642e-67 1.276261362246226e-65 -2.969576825635467e-66 -9.502647575392783e-66 -3.901041122539161e-66 2.195649556247718e-67 -5.780436838870304e-65 -1.042982659202568e-65
 2.089866450674758e-67 4.088280022457935e-68 -3.332585948449003e-68 1.00561282397098e-67 -1.211851739684087e-67 -2.741567919699719e-67 -6.821645257357314e-67 -1.30736845767486e-67 2.059906371744101e-67 6.352201851949544e-67
 8.813584251558054e-66 1.102536660660481e-65 3.632387349219002e-66 4.836508891012557e-66 3.131769500344226e-66 -5.047322009701141e-67 9.642256168522915e-67 -3.689870631662204e-66 -3.420610734990851e-66 -9.574844111387596e-67
 4.99892729817524e-67 5.540191189265343e-67 1.124328130977882e-66 5.627098059590175e-67 -1.165278072138379e-66 -4.33197885835162e-67 -1.472891538206766e-67 1.138835805173926e-66 9.996385742911283e-67 -2.133255331954692e-66
 6.284255392150969e-65 -9.422493113559054e-65 -1.074920313362826e-64 -1.119895430347372e-64 -1.865841147877395e-64 3.361476625431647e-65 -3.256418607113279e-65 2.477059675845974e-65 -3.839001707042912e-65 1.576138600776277e-64
 -2.357105601323017e-66 8.291043739767192e-67 5.998375369912771e-67 -6.075784950830494e-67 1.64677381921574e-66 3.559523188674177e-67 -1.527355530156693e-66 -7.21298212543952e-68 4.668689833950252e-67 1.897152816673889e-66
 6.270309284479259e-67 1.128424033077644e-66 3.310549847346675e-68 -6.058623592225255e-67 2.557103636927276e-67 7.213532165998775e-67 8.940423433765108e-67 1.208050158144785e-66 1.340145913578476e-66 2.013448690907927e-67
 6.130262155307564e-67 -1.061744272588442e-66 1.880286948867061e-66 8.605954953054451e-67 3.39318096299988e-67 4.084324364811528e-67 -1.00607625862647e-66 -8.224427975743526e-67 1.508982196835318e-66 4.436881935040644e-67
 2.521779023248908e-65 2.56156516389238e-66 -4.288701661817967e-65 -1.227562320538351e-65 -2.976766329388074e-65 8.267471839922302e-66 -1.608551432537808e-65 1.222562909484283e-65 1.414552511313244e-65 1.69719503182809e-65
 1.523000260372025e-65 2.202916096279683e-66 1.979962831463549e-66 -1.476601777273322e-65 -3.008674047392165e-65 1.224357895954252e-65 -1.571101708838695e-65 1.149503642577646e-65 -3.530831733207325e-65 -5.438817557663306e-65
 2.014926208643256e-67 -5.554782260667693e-68 1.458474032927e-67 -4.102578960718146e-67 9.957013747561134e-69 1.110246007444347e-67 4.173788637116038e-67 -3.50579101221382e-67 -3.310926019292432e-67 1.243250359368402e-67
 1.273511521997242e-65 9.883346939598884e-67 -9.484299571386662e-66 6.245338579176881e-66 1.047061463188985e-65 2.952463316513229e-66 3.081008458872224e-66 1.183971968107608e-65 -3.497111520357039e-66 9.101654166410818e-66
 6.925205702625041e-67 -2.640704422880864e-66 -8.017889898931038e-67 6.580715099817256e-68 -5.945489716678566e-67 -1.917670353160011e-66 6.655275862019477e-67 2.262644525924184e-67 2.362568721959179e-66 1.599339775736229e-66
 -1.122486585526064e-66 -2.218657344956789e-66 -7.933166265867366e-66 2.910778891100282e-67 -3.545236948486645e-66 2.393636074602775e-67 -1.019879800997982e-66 3.584281060059766e-68 5.61061372758362e-66 -2.938703676911818e-66
 -7.316238351012891e-65 7.42608971894336e-65 4.018651024601421e-65 2.916037290600973e-65 1.612324394345189e-65 -9.381647919628466e-65 -1.622478457385809e-65 6.151892627678603e-65 -2.695932028573337e-65 5.427762619004306e-65
 -1.074672635016558e-66 -9.07384244642101e-67 1.158822017038489e-66 1.286221470221563e-66 7.680772473889979e-67 -9.300954830395151e-67 -1.565296494955874e-66 9.884161322964222e-67 4.072044335053185e-68 1.054684042079875e-66
 6.896295766795589e-66 1.872565427161712e-65 -5.941176274462626e-67 -1.159045508908592e-65 2.555664409249916e-65 1.756399318606968e-65 -3.914955279075842e-66 2.291640887472693e-66 2.515228872371978e-65 -5.117963648178088e-66
 2.786565101721885e-66 -3.095693820667902e-66 -4.511116010221849e-66 6.670411287781414e-66 -2.940382500870221e-66 -4.125577131567362e-66 4.217254845528869e-66 3.212000103167617e-66 -7.137147327848339e-67 4.532213725174099e-66
 -4.474791626575393e-66 7.204257662680949e-66 -1.288592927965023e-66 2.40662665840926e-66 1.808125522048719e-67 -1.32981123988952e-66 1.552939314851958e-66 -2.372499036848732e-66 1.331663591653225e-66 4.649852579176143e-66
 1.270913542338935e-67 5.006403424010243e-67 1.255320830661977e-66 -6.053144090938189e-67 8.060880435331787e-68 7.5626445918228e-68 -1.76582555879226e-67 2.112047148004823e-67 -4.363336545712505e-68 -2.851882438804986e-68
 1.447169172743371e-66 -3.930651232271842e-66 3.985268482950272e-66 -9.537929068246323e-67 1.559815849049079e-66 -7.4366282200789e-67 7.945943992674902e-66 6.979880553691067e-66 -2.350974200782223e-66 6.684094047411246e-67
 -4.258745515968957e-66 1.183444705393968e-65 -1.259652666141238e-65 -1.818911550326289e-66 -1.4554222004311e-66 1.102751450431019e-65 5.41713345809481e-66 4.00609071861512e-65 -5.599015734687536e-66 -1.391445734563995e-65
 9.001185537565426e-66 6.201257788242841e-66 -2.281897424267693e-66 -2.08881900599755e-66 5.385566109822299e-66 1.398920619263856e-65 1.020155566581923e-65 -4.456493552063816e-66 -5.738779543277622e-66 -3.710347198821693e-68
 -1.221097020118326e-68 3.30212749561206e-67 2.13824018305598e-68 -2.172201630726922e-67 -6.272863878429448e-67 2.794726287195989e-67 -2.529646734535261e-67 -6.587622153709218e-67 4.648012034431759e-67 8.503130727331391e-68
 1.277069918617926e-66 1.901496584242417e-67 5.502181130997538e-67 3.001613037683631e-66 1.388136984160954e-66 -3.589737219502176e-66 1.537138277877618e-66 3.405819251168783e-66 2.18039487702335e-66 -3.357925166689875e-66
 1.449984535175967e-64 -1.339337286472781e-64 1.043001247432694e-64 -1.752180561558765e-64 -1.596956755043518e-65 -1.2776615479934e-64 -1.029712152638899e-64 -2.061094942838033e-64 1.697529778682435e-64 1.496192987119622e-64
