# Created by Octave 4.2.2, Wed Mar 20 12:20:07 2019 -05 <ubuntu@algoritmosb>
# name: DatK
# type: matrix
# rows: 1
# columns: 50
 2000 2000 2000 2000 2000 2000 2000 2000 2000 2000 2000 2000 2000 2000 2000 2000 2000 2000 2000 2000 2000 2000 2000 2000 2000 2000 2000 2000 2000 2000 2000 2000 2000 2000 2000 2000 2000 2000 2000 2000 2000 2000 2000 2000 2000 2000 2000 2000 2000 2000


# name: DatF
# type: matrix
# rows: 1
# columns: 50
 0.01072896381359231 0.2241346969770363 0.2557490983714284 1.421499193321732e-23 0.01072896381345287 1.00668936163454 0.7073527771786365 0.1947816817688895 0.8617313410778534 0.1418429932022891 1.780237496445329 1.943356822402578 0.7985813405747839 0.40134398231603 0.542691399670637 0.01609836599995024 4.491604559247373 2.025399866009396 4.522878783674239 0.03029764061145976 0.1099323138170859 0.01072896381344739 0.07791097235407865 0.005364481906723692 0.8617313410778582 0.01072896381344761 0.7986246190293473 0.43486725284823 0.1786884457574765 0.3573764720964666 1.022436497391582e-23 0.3026951871465813 4.363268546861483 0.9823926187076091 0.01514882030572984 0.07342793849089974 0.02145792762689476 0.2287201219107604 1.003013142205479 0.03134948731127779 0.03566212256264508 0.1081461756802415 0.109932313821485 0.06269898724671194 0.7358633588392811 0.005364481906724706 0.5426913996716584 5.409345348899667 0.4960858707682518 6.608098549615746e-22


# name: DatP
# type: matrix
# rows: 50
# columns: 10
 1.734013979052064e-36 -6.495693678587202e-37 -1.374515321584314e-38 -1.888607118748142e-36 -8.377125978507277e-37 -2.571889084898242e-37 -2.885753748830003e-37 3.919003416068775e-38 -2.613772337583815e-05 9.815655697778301e-08
 -3.575678279403733e-28 -5.730569346414527e-28 1.779932940879395e-26 -5.146152729350019e-29 6.585848033906386e-29 1.267639579830303e-22 -0.0002209255162056152 -3.628872826694348e-08 0.0002209253920306201 0.03176952463062178
 5.959852176948579e-06 0.01624515929744935 1.003769356875776e-29 8.562165642886418e-29 7.925726795744116e-31 1.026299033329511e-29 -6.25459149430156e-30 1.419290410711369e-23 1.74563562530323e-29 1.455760443075173e-30
 -8.90719312180888e-49 1.433712979147374e-48 1.703479912554669e-48 -1.684118665429897e-48 -3.466262352307308e-48 6.214251526958861e-49 -5.005641001814131e-49 -3.258497555999005e-48 1.682326439361885e-49 -2.307228932098857e-48
 2.940107056159229e-29 -2.559489351761886e-35 -2.436270173886259e-36 9.586087803210846e-37 1.009669726337861e-36 2.629192216634338e-35 -2.613781727740969e-05 -4.905959773293184e-36 -3.618197810876744e-36 3.749659945992674e-36
 -0.0002193739581308863 -2.613781578518814e-05 -1.035732276316802e-30 -3.373567967987826e-32 1.206188191854398e-32 2.478620526051089e-30 3.024080568876786e-32 0.2425993626438153 2.191174701254039e-28 -4.944789583673435e-29
 0.001423784601741835 -0.002620466352307552 0.001424826636697245 0.05712202844785726 -0.007478151975939117 -2.502398999145318e-18 1.62291348878351e-18 0.0002210039620564875 1.675666484875232e-16 -2.980265851756367e-16
 -2.613775833219652e-05 -4.291793175452761e-08 2.613783990070819e-05 -1.079251471893054e-26 4.058304692001928e-29 -5.835144092075611e-27 4.91743615044309e-28 1.501746560372222e-28 -2.339418632139857e-26 0.03177029076953438
 -0.7415336230166398 2.806472841240985e-33 2.090116557677127e-34 9.466689442476286e-34 2.117678342227198e-33 -7.662489119413213e-34 9.266200405923286e-34 -5.563548328726979e-34 3.676133554089501e-34 1.995672203306588e-33
 -1.668947269688178e-31 2.411409713980585e-30 -9.927081668822839e-24 -1.468532002107411e-33 -3.102939090532456e-33 9.183284092806647e-33 -2.427662902039615e-31 6.712033694076142e-32 0.00298223570084093 0.00686008525911493
 -1.49401435183333e-32 8.779433854513738e-33 -1.817351672152802e-24 -3.044897335386147e-29 6.50167159628922e-28 7.46770414686858e-30 2.613780912757104e-05 -8.3333954693425e-28 -5.013831356511469e-29 3.128678863147286
 -0.2425906901279879 -0.4655550351036364 0.242600118233477 5.90049612885739e-33 -7.373503226583654e-33 -2.168749061172836e-33 6.997564679976713e-33 -5.529488051160607e-33 -6.892134066544287e-33 -5.211977813286689e-32
 -3.762910744650008e-33 6.705659773298272e-34 -2.152839199410177e-33 4.678750031594368e-33 2.613782142621068e-05 -0.1568849510828937 2.64204266427197e-34 7.891703498354188e-34 9.29780531900904e-34 -5.737063624675375e-35
 -0.0001552143951606905 0.0001572448794003723 -0.0001551738046931256 -0.002980171037512441 -2.613865627820078e-05 5.882402076559093e-23 -6.514951431228193e-22 -0.01624514966418462 -1.046866005649298e-22 -1.43161459522261e-23
 2.846564709061891e-07 -0.0009627110272216756 2.829894995410264e-28 3.311942195911817e-29 2.695022312809449e-30 -1.69018200806343e-29 -0.05737165175699764 -1.080878937210145e-32 -2.538489839442334e-33 4.335317309220372e-30
 1.005965772290489e-36 4.61444162846614e-37 3.900609687327766e-37 8.427891655731529e-37 1.809988572395893e-37 -4.890564634819269e-37 -2.476452342091811e-36 -2.570262297342109e-05 -6.786268836169934e-06 2.47905502956135e-05
 8.071095075873343e-32 5.661401709808182e-32 -1.959418573728812e-32 -1.164724429767177e-33 1.04559742104787e-31 -7.432845232402351e-33 5.258603828511923e-32 2.613781652384758e-05 5.803655311295131e-09 20.07068231231033
 1.406371590245717e-31 2.002960311673505e-32 -1.811721167815216e-32 1.96029995551116e-33 9.825764080699321e-33 1.024290268806801 4.488780935798211e-33 -2.195959797727317e-33 4.141984322261979e-32 4.171290134725087e-31
 -1.629227431693133e-33 4.459078170881652e-32 -5.180068833951612e-31 1.660489724152896e-32 3.497220821496249e-33 5.89787021319075e-33 3.450066738518779e-32 5.040156105393937 0.0005105404724720955 -0.0008161868213000734
 2.018424501978488e-35 2.279872405520704e-35 0.0002209256014140117 2.301091952773372e-35 -1.075446361427342e-35 6.5446416348713e-34 -2.609565056786618e-35 -1.807677692306079e-36 2.088541120491815e-35 -6.991791426175051e-35
 -3.540162412793922e-35 2.24875273482713e-35 1.665133669144317e-35 1.577895138675494e-35 -0.002982232986084632 1.097047276429162e-35 5.053212813683139e-36 2.952656831030052e-35 1.308392018888092e-35 6.369261337160979e-36
 -4.151838797475954e-36 5.837659156632432e-36 -2.613781514633972e-05 3.645642239601104e-36 -2.415428526028351e-36 -1.740729842275987e-37 5.418561549918719e-36 9.405862616271859e-37 1.990461446170908e-36 -3.076626089921884e-36
 -1.241786721973248e-35 8.887241225687106e-36 -3.927628492397117e-36 -3.341398988204286e-28 -0.0009502733609728678 -0.0002203280883906094 2.639446977125842e-35 -1.53700622416734e-35 2.433177806930274e-35 -4.131400539439199e-35
 5.074927749406853e-38 -1.077427179904527e-37 1.245332340538401e-37 -7.52996803688184e-38 9.976964928059508e-40 -1.666784436815911e-37 5.779500618668297e-38 -4.837104043546409e-39 -3.78598239538111e-38 2.613781516714496e-05
 -0.7415336276467871 1.519328228708837e-30 -2.44420058874948e-30 3.934161520102165e-31 -9.184885590325958e-34 -1.239482322208632e-33 -1.921789889606151e-33 -1.108768760468796e-31 3.146275478394676e-30 6.365660551790022e-31
 8.488808507960661e-37 -5.315113964014555e-37 -7.003322935953154e-38 3.92083827767021e-37 2.538608886945965e-36 -5.357679623910907e-36 2.613781180704482e-05 -3.378202128976454e-36 -2.965582691827367e-36 -3.523376952490657e-36
 1.536311028763064e-23 3.131735787599101e-21 1.303800604810362e-23 -0.007480283020450332 2.746605221781893e-23 8.242329960592962e-23 1.573534682388628e-21 0.09730444329516408 -9.113014341591309e-18 1.475279282418348e-17
 -1.680565961277285e-07 -0.007480274833933808 -3.387639716670723e-31 9.628347928378447e-32 2.613781617682381e-05 -0.01624514981578435 2.556286566611918e-34 7.682306731280377e-35 -2.149657196039666e-34 4.17511240460412e-34
 1.093629178627412e-35 -2.508797326893388e-35 2.695338684433185e-36 -6.273084118516447e-36 -2.705290977154444e-36 -1.809280674156578e-35 -5.772870472629668e-35 1.961600090831645e-35 1.14258282165514e-35 0.03177720339514962
